"species","x","y","bio1","bio10","bio11","bio12","bio13","bio14","bio15","bio16","bio17","bio18","bio19","bio2","bio3","bio4","bio5","bio6","bio7","bio8","bio9"
"background",1,1,65,167,-28,325,37,12,28,108,46,58,99,170,42,7596,295,-102,397,-20,162
"background",2,2,117,230,12,124,14,5,22,38,21,36,25,176,41,8483,346,-74,420,222,17
"background",3,3,8,83,-51,726,122,15,62,327,63,81,324,110,41,5405,161,-106,267,-45,52
"background",4,4,213,330,99,76,14,2,52,35,9,10,33,165,39,9022,432,11,421,124,304
"background",5,5,90,200,-13,229,26,13,21,70,40,60,40,179,42,8283,324,-100,424,76,-13
"background",6,6,160,240,83,696,141,1,82,356,11,15,356,138,43,6223,344,27,317,89,239
"background",7,7,156,249,74,281,38,2,49,112,27,51,109,156,44,6944,350,3,347,83,179
"background",8,8,159,265,62,151,22,4,41,55,21,38,55,155,41,7979,363,-14,377,62,195
"background",9,9,162,251,80,559,106,1,83,292,6,6,282,146,43,6811,355,20,335,92,251
"background",10,10,78,181,-14,203,24,13,18,64,43,49,47,178,43,7631,307,-98,405,106,176
"background",11,11,31,129,-57,454,53,21,27,150,71,84,138,162,42,7361,252,-133,385,-45,127
"background",12,12,73,176,-21,281,33,10,29,94,41,51,85,169,42,7713,303,-96,399,-15,171
"background",13,13,103,184,37,1109,198,3,80,558,27,40,546,153,47,6012,297,-24,321,42,184
"background",14,14,190,248,147,175,36,0,90,98,2,9,98,161,60,3910,329,63,266,147,211
"background",15,15,87,188,-4,312,33,13,22,97,57,72,94,159,42,7548,295,-82,377,7,115
"background",16,16,182,235,139,177,38,0,89,98,3,9,98,161,61,3704,316,53,263,139,202
"background",17,17,64,172,-41,282,37,13,27,91,46,56,71,182,42,8235,304,-126,430,102,166
"background",18,18,170,256,82,213,41,0,84,115,2,2,110,155,44,6856,365,19,346,101,256
"background",19,19,59,137,-3,713,133,8,75,351,28,43,351,119,42,5741,221,-57,278,-3,136
"background",20,20,65,158,-19,292,32,12,24,88,48,58,76,159,43,6931,278,-85,363,-12,154
"background",21,21,44,144,-49,372,42,17,26,121,58,70,110,177,43,7558,275,-132,407,-38,141
"background",22,22,57,138,-10,1040,152,10,60,445,66,67,422,142,45,6044,244,-71,315,-2,138
"background",23,23,72,175,-22,281,33,10,30,93,40,52,82,175,43,7654,307,-99,406,-15,169
"background",24,24,93,192,3,218,31,9,37,82,31,34,82,169,43,7443,312,-75,387,3,189
"background",25,25,85,165,22,796,150,4,84,428,23,43,413,132,45,5793,251,-40,291,23,162
"background",26,26,92,171,21,1052,177,11,64,505,66,66,455,152,47,5979,288,-33,321,24,170
"background",27,27,179,270,92,298,53,0,80,154,5,5,142,156,44,7041,375,23,352,107,270
"background",28,28,108,214,11,184,20,10,19,55,38,47,50,158,40,7943,319,-67,386,26,141
"background",29,29,158,229,82,477,108,0,91,270,5,5,270,152,48,5831,341,28,313,82,229
"background",30,30,126,230,30,181,27,5,42,72,25,34,72,149,40,7821,328,-42,370,30,158
"background",31,31,95,178,19,1337,225,7,74,645,47,47,629,161,47,6329,295,-47,342,25,178
"background",32,32,91,195,-5,153,19,10,20,49,32,41,34,178,43,7805,318,-89,407,122,38
"background",33,33,121,232,16,138,16,8,21,42,27,35,37,160,39,8411,337,-64,401,36,63
"background",34,34,84,184,-8,241,27,8,25,72,39,48,64,168,43,7492,308,-82,390,113,178
"background",35,35,131,235,35,194,22,7,27,62,33,48,59,160,42,7853,338,-42,380,50,164
"background",36,36,87,171,7,866,136,5,65,394,45,45,381,168,47,6448,293,-63,356,13,171
"background",37,37,54,159,-48,305,39,17,24,94,56,67,80,178,42,8027,288,-134,422,86,155
"background",38,38,146,217,81,446,90,1,90,250,3,11,245,184,53,5422,342,-1,343,92,217
"background",39,39,87,191,-8,184,22,11,18,59,39,45,42,180,43,7794,318,-92,410,116,186
"background",40,40,223,326,123,127,18,1,48,46,8,29,46,153,41,7998,417,46,371,123,258
"background",41,41,166,246,84,227,42,0,82,116,2,2,116,157,46,6411,357,20,337,84,246
"background",42,42,52,153,-37,369,43,16,28,122,56,69,109,160,41,7503,276,-109,385,-28,150
"background",43,43,149,230,75,1017,202,2,83,521,16,24,521,141,44,6191,332,14,318,75,229
"background",44,44,82,188,-19,259,27,19,12,77,57,62,57,173,42,8054,307,-104,411,69,-19
"background",45,45,212,316,115,125,21,1,47,46,9,35,39,136,38,7879,402,49,353,310,245
"background",46,46,71,147,4,937,163,9,69,461,52,57,427,149,47,5745,258,-54,312,9,147
"background",47,47,77,183,-16,263,28,10,26,80,39,50,76,172,42,7791,309,-93,402,-10,177
"background",48,48,161,268,61,134,16,4,31,44,20,34,40,166,42,8096,372,-21,393,78,197
"background",49,49,116,165,70,1286,241,3,83,667,21,36,659,136,55,3785,257,14,243,74,164
"background",50,50,46,143,-39,409,43,22,16,120,85,96,114,157,42,7191,251,-117,368,-31,70
"background",51,51,189,302,81,90,14,2,43,35,11,20,34,165,40,8649,403,-7,410,103,230
"background",52,52,166,255,82,579,110,3,78,289,18,18,289,145,42,6879,362,22,340,82,255
"background",53,53,97,196,7,201,31,8,43,81,28,30,81,176,45,7377,318,-73,391,7,191
"background",54,54,189,291,95,176,29,2,48,61,15,49,56,130,38,7700,376,34,342,285,219
"background",55,55,73,169,-13,341,41,11,32,119,44,53,109,157,42,7180,286,-81,367,-6,166
"background",56,56,80,171,-6,337,43,7,37,122,36,44,112,179,46,6965,303,-86,389,0,169
"background",57,57,81,165,5,631,111,9,61,300,49,51,270,156,46,6318,283,-55,338,9,164
"background",58,58,173,233,122,413,89,0,92,238,5,13,226,137,52,4318,313,52,261,126,226
"background",59,59,100,181,32,1549,291,5,79,781,38,46,781,139,45,6037,281,-23,304,32,180
"background",60,60,164,241,84,320,62,1,82,162,5,5,162,148,46,6186,350,29,321,84,241
"background",61,61,112,221,11,128,16,5,25,42,22,27,34,180,43,8225,345,-72,417,149,215
"background",62,62,109,217,7,205,20,13,11,57,47,50,48,180,42,8183,336,-83,419,59,54
"background",63,63,23,101,-40,714,120,18,64,327,57,64,309,128,44,5755,190,-100,290,-28,100
"background",64,64,122,174,75,1173,227,3,85,615,18,31,610,141,56,3910,267,16,251,79,171
"background",65,65,164,259,77,187,37,1,82,104,7,7,98,155,42,7209,357,-5,362,91,233
"background",66,66,165,246,84,542,112,1,83,284,11,11,284,148,44,6392,354,25,329,84,246
"background",67,67,49,152,-48,342,40,16,27,109,56,68,99,175,42,7766,281,-131,412,-37,147
"background",68,68,156,239,77,529,98,1,81,262,7,7,262,155,45,6432,355,17,338,77,239
"background",69,69,82,190,-20,267,26,16,16,77,52,68,53,183,42,8162,314,-112,426,69,-11
"background",70,70,54,155,-40,377,45,13,32,134,50,63,123,168,42,7624,282,-115,397,-30,151
"background",71,71,221,324,122,103,18,1,54,37,6,27,35,155,41,7921,415,44,371,320,254
"background",72,72,221,333,111,54,8,1,47,22,5,13,20,163,39,8664,432,22,410,134,262
"background",73,73,179,244,129,149,26,0,69,70,2,24,70,176,59,4433,343,47,296,133,207
"background",74,74,106,209,12,234,26,10,24,74,43,56,71,159,41,7736,314,-66,380,25,136
"background",75,75,67,138,14,1474,255,6,79,737,39,54,674,131,47,5111,233,-43,276,23,135
"background",76,76,177,276,85,92,16,1,56,41,8,12,41,163,43,7514,382,6,376,100,249
"background",77,77,94,176,20,1189,189,6,69,549,47,47,529,156,46,6222,291,-43,334,26,176
"background",78,78,103,183,32,585,98,9,56,265,49,50,234,156,47,6026,301,-26,327,33,182
"background",79,79,165,245,84,323,62,1,84,163,4,4,163,148,45,6335,354,28,326,84,245
"background",80,80,91,196,-7,164,18,8,20,49,31,47,35,175,43,7902,314,-92,406,190,39
"background",81,81,62,167,-37,310,30,23,9,89,71,75,72,177,42,7910,286,-126,412,48,-26
"background",82,82,88,173,11,1008,167,7,70,477,45,45,467,167,47,6432,293,-60,353,16,173
"background",83,83,180,247,126,122,24,1,61,55,4,44,39,169,57,4697,340,44,296,230,181
"background",84,84,81,191,-24,301,34,11,27,94,43,53,86,166,40,8325,316,-99,415,69,186
"background",85,85,101,208,2,194,21,7,27,62,29,36,59,173,42,8054,333,-76,409,7,202
"background",86,86,166,224,119,232,42,0,80,124,6,18,124,160,59,4020,305,35,270,119,191
"background",87,87,116,203,42,376,66,4,76,188,18,18,184,137,43,6482,298,-19,317,48,176
"background",88,88,59,160,-32,329,39,12,30,113,47,59,102,169,43,7486,288,-105,393,-24,155
"background",89,89,227,324,131,59,9,0,59,23,2,13,23,171,45,7593,420,46,374,131,257
"background",90,90,62,149,-19,481,80,12,54,220,48,55,200,165,45,6638,276,-84,360,-13,147
"background",91,91,34,117,-33,420,66,13,48,175,51,55,175,127,42,6119,207,-94,301,-33,90
"background",92,92,143,218,78,543,104,2,84,278,8,15,278,151,48,5593,327,16,311,78,216
"background",93,93,33,134,-54,474,50,33,11,136,107,107,121,161,42,7451,248,-135,383,8,134
"background",94,94,169,216,128,282,55,1,85,155,6,12,144,113,54,3403,272,63,209,132,209
"background",95,95,93,201,-6,299,32,13,18,85,61,71,75,165,41,8058,313,-86,399,38,125
"background",96,96,118,199,48,1555,291,4,81,784,30,42,784,147,46,6074,304,-11,315,48,198
"background",97,97,119,203,47,445,79,3,77,224,16,16,219,139,43,6304,301,-15,316,54,203
"background",98,98,157,261,61,144,25,3,57,66,14,21,66,154,41,7841,363,-12,375,77,190
"background",99,99,222,326,122,136,19,1,46,48,9,31,48,147,40,8048,415,48,367,139,256
"background",100,100,95,159,40,1470,263,9,75,750,54,70,691,130,49,4763,256,-6,262,44,158
"background",101,101,71,170,-16,273,36,12,34,99,41,45,99,165,43,7339,289,-93,382,-16,167
"background",102,102,119,225,21,223,23,8,23,67,42,53,61,170,42,7971,336,-62,398,37,153
"background",103,103,154,220,100,298,62,1,83,166,9,25,139,152,54,4692,306,26,280,103,190
"background",104,104,227,319,137,73,13,0,54,32,4,18,30,171,46,7190,416,49,367,152,254
"background",105,105,157,194,125,342,82,0,101,203,1,3,202,122,62,2701,253,58,195,126,187
"background",106,106,129,235,30,210,24,7,24,64,38,50,55,170,42,7988,345,-52,397,47,163
"background",107,107,97,206,-4,217,27,8,28,71,31,40,58,177,42,8215,338,-82,420,130,201
"background",108,108,82,160,14,1142,194,12,65,552,69,73,495,143,46,5806,271,-36,307,18,159
"background",109,109,88,140,45,1818,315,11,73,901,71,88,835,111,51,3820,216,0,216,50,137
"background",110,110,93,201,-4,217,24,7,29,68,29,39,63,179,43,7980,333,-80,413,1,195
"background",111,111,168,230,116,155,26,0,63,66,5,33,66,165,58,4405,322,40,282,116,169
"background",112,112,160,238,84,589,124,1,83,309,10,12,309,140,44,6095,344,29,315,84,237
"background",113,113,99,210,-8,232,31,6,37,83,26,35,77,147,37,8471,325,-67,392,0,204
"background",114,114,178,265,91,268,47,0,77,137,3,3,128,158,45,6853,371,23,348,109,265
"background",115,115,83,175,-4,322,41,7,39,117,34,42,108,180,45,7021,308,-84,392,2,172
"background",116,116,156,225,81,348,74,1,84,185,6,9,185,142,46,5671,327,24,303,81,224
"background",117,117,65,167,-27,315,36,12,28,104,45,58,94,173,43,7566,297,-103,400,-20,161
"background",118,118,33,115,-35,382,60,15,48,158,51,51,158,137,44,6058,210,-100,310,-35,88
"background",119,119,142,246,46,190,24,5,37,64,26,49,62,154,41,7820,344,-28,372,61,174
"background",120,120,167,266,78,135,26,1,73,69,6,7,68,158,42,7437,367,-2,369,92,239
"background",121,121,133,160,105,399,94,1,92,228,6,8,228,103,60,2219,220,49,171,105,155
"background",122,122,144,203,86,883,193,1,91,487,9,15,487,143,52,4649,300,29,271,86,201
"background",123,123,178,291,70,102,16,3,42,39,15,21,39,161,39,8656,392,-13,405,91,219
"background",124,124,86,193,-10,320,34,15,17,91,67,76,81,164,41,7944,305,-91,396,31,118
"background",125,125,67,171,-31,303,35,11,31,104,42,53,94,175,42,7831,301,-108,409,-21,165
"background",126,126,79,173,-6,264,29,10,25,80,43,53,67,165,44,6986,294,-75,369,106,167
"background",127,127,217,305,133,132,24,0,63,65,5,24,59,172,47,6819,407,47,360,144,279
"background",128,128,171,255,90,262,49,0,85,145,3,3,131,146,44,6513,353,22,331,105,255
"background",129,129,162,217,116,276,53,0,87,156,5,16,150,161,60,3848,298,32,266,120,187
"background",130,130,182,278,95,179,24,1,46,67,17,34,67,169,45,7245,387,16,371,108,210
"background",131,131,143,220,80,399,78,1,76,217,20,41,185,159,51,5509,319,10,309,85,188
"background",132,132,191,249,147,148,28,0,79,79,3,12,79,163,60,3905,335,65,270,147,212
"background",133,133,72,162,-12,374,60,8,49,163,39,47,147,169,45,6840,291,-81,372,-7,159
"background",134,134,80,173,-7,402,54,9,44,158,39,48,148,159,43,7063,292,-75,367,0,171
"background",135,135,82,191,-22,319,36,12,27,101,46,56,90,165,40,8271,313,-98,411,69,186
"background",136,136,140,218,73,492,91,2,82,250,8,16,248,161,49,5814,334,7,327,80,216
"background",137,137,38,114,-21,698,124,11,70,331,38,51,327,121,44,5505,198,-77,275,-19,112
"background",138,138,152,216,101,280,49,1,68,134,15,41,133,156,56,4467,299,23,276,103,184
"background",139,139,213,287,145,51,14,0,80,27,1,24,16,172,53,5450,377,58,319,267,224
"background",140,140,5,79,-54,732,122,16,61,328,65,83,324,110,41,5394,158,-109,267,-47,48
"background",141,141,83,186,-10,227,27,14,19,73,47,52,52,177,43,7672,311,-93,404,66,181
"background",142,142,183,298,71,94,15,3,44,38,14,16,37,168,40,8844,404,-15,419,95,273
"background",143,143,64,154,-19,454,58,9,44,174,44,50,166,168,45,6808,279,-93,372,-11,152
"background",144,144,168,241,108,168,28,1,53,61,7,57,61,162,53,5196,331,29,302,108,174
"background",145,145,207,324,93,76,13,2,46,33,10,12,31,163,38,9029,425,6,419,118,251
"background",146,146,117,224,17,272,33,8,27,86,45,63,73,169,42,8089,335,-64,399,33,151
"background",147,147,69,173,-22,265,28,11,23,79,42,52,75,170,42,7667,297,-99,396,-15,169
"background",148,148,227,324,132,67,10,0,54,25,2,15,25,167,45,7561,418,47,371,132,257
"background",149,149,92,175,25,726,137,3,83,387,24,44,377,141,45,6040,267,-41,308,28,173
"background",150,150,86,196,-16,293,34,14,21,94,53,58,73,159,39,8259,313,-90,403,70,191
"background",151,151,137,205,80,567,108,0,89,314,4,14,298,146,50,4964,301,14,287,85,202
"background",152,152,160,234,85,473,102,1,85,248,7,9,248,139,45,5887,338,33,305,85,233
"background",153,153,134,222,55,1597,273,6,76,782,44,44,761,157,45,6654,337,-9,346,60,222
"background",154,154,71,179,-29,284,33,18,16,87,63,66,63,169,41,8092,298,-111,409,57,174
"background",155,155,148,192,99,394,82,1,87,208,5,8,208,107,52,3638,250,45,205,99,189
"background",156,156,231,332,134,75,13,1,49,28,4,21,25,144,40,7805,417,60,357,328,264
"background",157,157,91,193,-2,200,24,10,25,66,38,47,63,147,40,7632,292,-74,366,11,120
"background",158,158,62,161,-26,293,32,21,15,91,64,71,66,159,42,7381,274,-103,377,41,20
"background",159,159,82,193,-21,238,30,14,24,78,43,61,43,179,41,8309,320,-108,428,117,-12
"background",160,160,95,202,-2,158,20,10,20,52,33,39,36,179,43,7936,327,-86,413,127,196
"background",161,161,77,184,-21,306,35,18,19,99,62,66,72,156,40,8012,298,-92,390,58,180
"background",162,162,80,187,-21,281,34,9,33,100,36,47,90,165,41,8030,312,-90,402,-12,180
"background",163,163,164,240,85,286,56,1,82,146,5,5,146,150,46,6132,349,27,322,85,240
"background",164,164,73,180,-26,361,39,15,24,110,56,65,102,160,40,8026,297,-103,400,57,175
"background",165,165,52,138,-25,788,131,12,65,358,53,53,358,155,44,6536,251,-95,346,-25,138
"background",166,166,201,313,92,79,11,2,41,29,9,20,28,165,40,8627,414,3,411,115,241
"background",167,167,103,212,3,202,22,7,28,64,29,38,60,174,42,8141,338,-76,414,7,205
"background",168,168,63,165,-30,326,38,12,30,111,45,57,100,172,43,7594,294,-105,399,-22,160
"background",169,169,159,242,80,934,186,2,83,475,19,19,475,141,43,6446,345,21,324,80,242
"background",170,170,225,321,132,61,11,0,56,26,2,15,21,175,46,7436,419,46,373,288,254
"background",171,171,212,285,145,52,15,0,86,28,1,25,16,173,54,5393,375,58,317,266,221
"background",172,172,142,214,79,464,87,2,84,237,8,15,236,162,51,5399,327,10,317,86,212
"background",173,173,148,235,70,444,82,2,79,232,13,24,225,162,47,6508,341,-3,344,80,233
"background",174,174,120,205,46,1028,180,4,79,503,24,29,503,146,45,6372,308,-13,321,46,204
"background",175,175,140,191,87,920,201,2,90,513,12,18,513,147,56,4162,284,26,258,87,189
"background",176,176,155,228,94,506,92,3,81,269,19,29,251,150,50,5264,323,25,298,100,223
"background",177,177,156,211,111,279,53,0,85,154,6,16,147,150,58,3852,289,34,255,113,181
"background",178,178,156,220,107,225,34,0,63,99,7,45,95,161,57,4445,310,31,279,108,155
"background",179,179,65,151,-14,658,113,10,63,318,51,55,290,155,44,6544,272,-74,346,-8,150
"background",180,180,133,217,62,1295,224,6,79,621,28,42,621,138,44,6263,316,7,309,69,215
"background",181,181,168,211,130,284,58,1,88,161,5,10,148,100,52,3156,260,71,189,133,203
"background",182,182,154,232,88,485,88,3,77,252,22,35,238,157,49,5678,335,20,315,94,228
"background",183,183,157,235,81,227,41,1,80,112,4,12,112,160,47,6101,348,14,334,95,235
"background",184,184,66,156,-18,416,52,9,40,152,43,51,143,169,45,6822,281,-92,373,-10,154
"background",185,185,212,289,142,77,14,0,60,32,2,22,32,180,53,5717,386,52,334,142,259
"background",186,186,59,144,-18,607,105,10,59,284,50,50,256,144,43,6461,255,-78,333,-12,144
"background",187,187,178,221,141,310,69,0,96,182,3,8,179,103,53,3126,276,83,193,144,213
"background",188,188,76,177,-16,173,19,11,15,51,37,49,41,175,44,7520,297,-99,396,150,28
"background",189,189,94,199,-4,164,18,8,20,50,31,46,36,172,42,7924,315,-87,402,194,43
"background",190,190,96,201,0,202,23,8,28,67,31,37,64,171,42,7838,324,-77,401,6,195
"background",191,191,115,220,19,210,24,9,24,66,39,51,63,161,41,7864,325,-59,384,34,148
"background",192,192,94,201,-2,333,38,11,24,101,59,77,90,158,41,7930,308,-76,384,11,125
"background",193,193,118,197,59,534,103,1,88,280,7,17,277,110,41,5552,272,9,263,59,190
"background",194,194,105,184,33,663,109,9,57,302,52,52,265,154,47,6035,301,-22,323,35,184
"background",195,195,47,130,-24,594,93,11,54,261,52,52,239,141,44,6162,235,-85,320,-17,130
"background",196,196,105,209,6,128,15,8,19,38,26,30,35,192,45,7888,335,-86,421,141,202
"background",197,197,41,125,-33,639,101,16,52,282,62,62,257,149,44,6306,241,-92,333,-26,125
"background",198,198,165,227,113,401,77,3,84,217,11,18,204,136,51,4456,307,45,262,118,221
"background",199,199,221,321,124,102,18,1,53,39,6,27,33,159,43,7764,413,44,369,318,253
"background",200,200,84,180,-3,245,40,9,46,98,31,32,98,167,43,7223,299,-82,381,8,178
"background",201,201,156,225,82,429,85,1,83,220,7,7,220,149,49,5693,330,26,304,82,225
"background",202,202,140,250,36,210,26,6,28,67,34,48,56,170,41,8325,360,-46,406,55,177
"background",203,203,91,195,-7,237,29,8,34,84,31,41,76,176,43,7849,327,-81,408,-1,189
"background",204,204,187,296,85,149,20,3,39,51,16,37,46,130,36,8314,384,24,360,101,223
"background",205,205,102,211,2,154,18,6,25,50,26,32,41,180,43,8151,337,-80,417,137,205
"background",206,206,80,162,11,978,174,7,77,476,32,41,476,142,45,6073,261,-49,310,15,161
"background",207,207,134,241,34,149,23,5,43,60,22,27,60,156,40,8086,343,-43,386,34,169
"background",208,208,-2,72,-60,718,119,18,60,317,67,81,309,112,41,5353,152,-116,268,-53,70
"background",209,209,63,168,-36,307,40,18,24,99,58,71,76,160,40,7920,288,-109,397,94,163
"background",210,210,109,142,80,1942,361,4,83,1013,34,53,990,86,55,2475,192,38,154,85,138
"background",211,211,172,271,81,135,25,1,72,69,7,9,67,162,43,7482,375,1,374,96,245
"background",212,212,225,320,132,63,10,0,54,26,2,18,26,172,46,7395,416,45,371,132,253
"background",213,213,82,168,-2,572,98,8,66,266,36,36,263,178,47,6667,296,-80,376,6,168
"background",214,214,80,185,-17,261,29,10,28,83,38,48,76,171,42,7874,314,-91,405,-10,180
"background",215,215,69,161,-17,456,67,9,50,188,40,45,187,169,44,6963,288,-89,377,-9,158
"background",216,216,43,138,-40,310,32,19,15,89,62,68,83,163,43,7037,257,-116,373,20,136
"background",217,217,154,220,100,282,56,1,79,155,10,27,133,153,54,4703,307,25,282,103,190
"background",218,218,219,322,120,120,20,1,49,44,7,31,39,165,43,7930,417,35,382,318,253
"background",219,219,58,137,-7,823,146,9,74,396,35,45,396,135,45,5815,230,-67,297,-5,136
"background",220,220,121,208,51,371,70,1,83,184,7,15,184,114,39,6274,290,1,289,60,204
"background",221,221,174,276,82,204,32,3,44,69,19,56,64,125,37,7666,360,24,336,93,204
"background",222,222,214,321,111,70,11,1,49,26,6,20,23,160,40,8205,420,28,392,315,251
"background",223,223,109,193,40,1362,240,6,79,663,32,45,663,134,44,6185,289,-15,304,40,191
"background",224,224,224,308,142,75,13,0,60,32,2,27,28,163,48,6477,396,61,335,283,244
"background",225,225,74,158,5,518,91,7,71,250,31,31,250,127,42,6179,248,-52,300,8,158
"background",226,226,175,281,74,107,19,2,65,51,9,15,51,165,41,8110,386,-7,393,74,210
"background",227,227,92,174,18,655,112,9,59,304,52,53,268,156,46,6207,292,-41,333,21,173
"background",228,228,126,153,101,765,164,1,92,425,6,10,411,107,62,2129,214,44,170,102,147
"background",229,229,50,151,-43,365,41,16,28,119,55,68,107,171,42,7591,279,-122,401,-32,148
"background",230,230,54,165,-49,322,37,21,17,97,66,76,79,158,38,8315,284,-125,409,87,160
"background",231,231,92,143,52,1901,329,5,79,965,42,64,917,115,52,3666,221,4,217,56,139
"background",232,232,60,154,-24,361,44,11,33,126,45,54,117,161,43,7014,275,-96,371,-16,152
"background",233,233,36,112,-24,635,114,12,69,301,38,51,296,119,43,5536,195,-79,274,-22,110
"background",234,234,96,202,0,170,19,8,23,53,30,34,53,177,43,7877,325,-82,407,6,196
"background",235,235,70,174,-26,333,39,11,32,116,43,56,106,161,41,7782,296,-95,391,-18,168
"background",236,236,85,180,0,269,29,11,25,81,42,53,73,160,43,7057,300,-66,366,110,175
"background",237,237,172,255,88,329,61,0,81,172,4,4,162,158,46,6601,364,22,342,105,255
"background",238,238,111,215,15,219,24,10,22,68,42,53,65,161,41,7843,321,-63,384,30,143
"background",239,239,67,175,-34,317,36,17,18,97,59,66,81,162,40,8135,293,-111,404,54,170
"background",240,240,109,193,35,1088,191,5,77,540,35,35,527,160,47,6360,313,-26,339,40,193
"background",241,241,80,157,13,1087,185,11,65,525,66,70,471,142,46,5751,267,-37,304,17,156
"background",242,242,176,245,118,302,60,2,82,166,10,18,156,157,52,4952,342,44,298,124,239
"background",243,243,229,318,142,56,9,0,64,23,2,17,22,187,50,6916,422,52,370,289,253
"background",244,244,160,245,79,832,168,1,84,428,13,13,427,139,42,6535,350,21,329,85,245
"background",245,245,52,153,-36,366,42,15,27,121,54,67,111,160,41,7473,276,-108,384,-28,150
"background",246,246,201,303,106,109,19,1,48,43,8,33,33,161,42,7746,404,27,377,298,234
"background",247,247,172,272,80,113,22,1,70,56,5,8,56,163,43,7567,376,-1,377,95,245
"background",248,248,127,161,96,797,157,2,85,408,12,17,405,94,57,2585,215,51,164,102,155
"background",249,249,37,137,-56,407,46,19,27,132,64,77,121,172,42,7535,264,-137,401,-44,134
"background",250,250,96,190,9,279,45,9,50,119,33,33,119,182,46,7086,314,-74,388,9,190
"background",251,251,58,145,-19,457,68,13,42,184,51,63,168,157,45,6504,266,-82,348,-13,144
"background",252,252,87,198,-17,256,30,9,27,78,38,47,69,168,40,8361,325,-93,418,75,192
"background",253,253,78,188,-22,260,31,16,21,82,49,66,49,176,41,8163,312,-108,420,110,-13
"background",254,254,79,185,-15,265,30,9,28,88,37,47,81,171,42,7807,312,-90,402,-10,179
"background",255,255,64,152,-17,460,76,11,54,209,46,54,189,167,45,6667,281,-83,364,-11,150
"background",256,256,85,195,-16,289,33,15,19,92,55,60,70,159,39,8247,312,-90,402,69,191
"background",257,257,77,171,-6,312,34,11,27,99,44,55,91,155,43,6981,288,-71,359,0,168
"background",258,258,153,224,95,370,74,1,81,204,14,30,175,161,53,5065,322,22,300,99,193
"background",259,259,61,157,-26,294,33,11,25,91,47,58,80,166,44,7163,279,-98,377,-19,152
"background",260,260,119,204,41,990,186,5,80,509,32,32,503,171,48,6525,334,-20,354,45,204
"background",261,261,144,225,70,1099,225,1,84,574,15,22,574,139,43,6186,328,11,317,70,225
"background",262,262,62,148,-17,713,123,12,64,349,56,59,318,158,45,6499,272,-77,349,-10,147
"background",263,263,96,206,-10,243,32,7,38,92,27,37,83,158,39,8334,327,-74,401,-1,199
"background",264,264,97,205,-2,209,23,7,27,65,30,40,59,175,42,8067,331,-81,412,130,199
"background",265,265,102,214,-3,261,37,6,44,106,27,35,96,163,39,8416,342,-67,409,3,206
"background",266,266,53,151,-35,328,37,13,26,106,51,63,96,165,43,7310,275,-108,383,-28,147
"background",267,267,127,228,35,206,32,4,50,88,23,33,87,147,40,7609,326,-35,361,48,202
"background",268,268,67,160,-17,287,32,12,25,86,48,58,73,160,43,6937,281,-83,364,92,156
"background",269,269,107,177,46,1098,199,7,75,566,43,54,522,139,48,5239,283,-2,285,48,176
"background",270,270,85,192,-11,240,27,8,29,75,33,43,70,173,42,7919,321,-86,407,-4,187
"background",271,271,60,165,-39,329,35,22,12,98,74,75,78,168,41,7951,283,-123,406,43,161
"background",272,272,113,225,9,137,16,6,22,43,24,38,31,162,40,8408,333,-71,404,218,56
"background",273,273,106,213,6,198,23,7,30,68,28,35,63,170,41,8056,338,-68,406,12,207
"background",274,274,90,191,-2,229,26,8,25,69,37,46,60,170,43,7531,316,-76,392,121,185
"background",275,275,110,190,39,656,107,9,57,298,51,52,263,154,47,6069,307,-17,324,40,190
"background",276,276,71,171,-20,203,24,14,17,62,45,52,46,181,44,7454,297,-106,403,98,23
"background",277,277,137,213,76,371,66,1,68,183,27,52,164,147,49,5418,303,8,295,79,181
"background",278,278,125,223,35,206,37,6,59,97,18,18,97,185,46,7366,344,-54,398,35,223
"background",279,279,103,214,-2,240,32,6,39,93,27,35,82,163,40,8375,341,-66,407,5,206
"background",280,280,148,236,70,470,86,1,80,243,10,10,231,148,44,6665,335,0,335,79,236
"background",281,281,191,248,147,169,34,0,85,95,2,10,95,161,60,3944,331,63,268,147,212
"background",282,282,225,320,133,63,11,0,57,26,2,15,23,176,47,7362,418,47,371,288,254
"background",283,283,63,164,-31,307,35,12,29,101,45,56,91,182,44,7566,299,-113,412,-22,158
"background",284,284,65,165,-24,289,33,11,26,94,44,54,85,163,42,7421,286,-97,383,-18,160
"background",285,285,83,192,-19,293,34,16,19,93,57,61,71,161,39,8233,309,-95,404,67,187
"background",286,286,89,200,-15,231,28,8,27,72,35,44,62,173,40,8323,330,-93,423,124,194
"background",287,287,142,198,88,867,191,1,91,480,9,14,480,149,55,4376,297,28,269,88,195
"background",288,288,70,177,-29,337,37,17,18,102,61,67,89,162,40,8033,294,-108,402,54,172
"background",289,289,160,236,84,525,104,2,83,267,9,12,267,143,45,6043,344,30,314,84,236
"background",290,290,188,250,139,118,24,0,79,62,2,14,62,172,59,4244,346,58,288,139,214
"background",291,291,152,234,77,398,75,0,85,218,4,12,203,150,45,6225,338,10,328,88,233
"background",292,292,79,169,-6,357,45,7,39,130,37,44,121,176,45,6878,299,-84,383,1,167
"background",293,293,149,234,71,526,114,1,88,291,13,13,291,164,47,6478,346,-1,347,71,234
"background",294,294,172,249,107,485,100,2,89,276,9,17,262,161,50,5581,352,32,320,113,244
"background",295,295,189,294,90,155,23,2,44,52,15,41,48,130,37,8025,381,30,351,105,222
"background",296,296,75,167,-10,408,54,10,40,156,41,54,148,157,43,6952,286,-76,362,-3,165
"background",297,297,230,334,131,75,13,1,48,29,4,22,24,145,39,7947,422,57,365,328,266
"background",298,298,156,223,82,377,83,1,87,206,6,9,206,141,47,5585,324,27,297,82,223
"background",299,299,133,176,88,952,207,2,90,524,12,18,524,132,58,3492,257,32,225,88,172
"background",300,300,175,260,100,259,47,1,70,134,13,39,116,172,49,6323,369,22,347,108,229
"background",301,301,62,156,-22,303,33,11,25,92,49,59,81,164,44,6957,276,-92,368,-16,151
"background",302,302,97,198,4,182,24,7,31,66,34,36,66,165,42,7546,306,-78,384,4,173
"background",303,303,222,336,110,56,9,1,46,23,6,12,22,164,39,8805,435,21,414,134,265
"background",304,304,146,219,81,544,105,1,84,279,7,13,279,142,47,5497,321,24,297,81,216
"background",305,305,106,207,14,245,36,7,45,99,27,31,97,170,43,7510,331,-58,389,21,202
"background",306,306,68,153,-8,915,157,8,70,431,45,45,427,155,45,6436,269,-73,342,0,153
"background",307,307,57,158,-39,334,38,13,30,113,48,60,103,178,43,7633,290,-119,409,-29,153
"background",308,308,34,111,-28,564,100,12,64,262,42,55,256,119,42,5664,195,-82,277,-26,110
"background",309,309,98,207,-3,219,26,7,30,75,30,39,68,173,41,8131,334,-79,413,2,200
"background",310,310,137,203,80,555,105,0,89,306,4,14,292,160,53,4900,309,8,301,86,201
"background",311,311,207,316,103,85,14,1,43,32,8,25,26,154,39,8311,412,25,387,310,245
"background",312,312,113,219,15,239,25,9,22,71,45,56,65,171,42,7973,331,-69,400,31,147
"background",313,313,228,336,123,111,15,1,44,40,8,25,38,146,39,8378,424,50,374,142,265
"background",314,314,230,324,136,64,9,0,47,24,3,12,24,171,45,7414,420,45,375,154,261
"background",315,315,134,208,69,1104,219,2,86,591,14,27,576,171,51,5545,330,0,330,73,207
"background",316,316,144,231,69,526,99,2,84,280,13,25,270,160,47,6428,335,-4,339,77,229
"background",317,317,140,221,65,1182,248,1,84,626,17,17,626,143,44,6227,328,4,324,65,221
"background",318,318,155,205,114,286,57,0,92,166,5,13,153,146,60,3515,280,37,243,116,177
"background",319,319,65,169,-35,292,36,13,28,92,47,58,82,173,42,7900,298,-113,411,-25,164
"background",320,320,175,289,67,169,21,4,32,58,23,37,50,154,38,8675,389,-7,396,86,214
"background",321,321,83,185,-10,196,21,11,17,58,39,53,47,162,42,7643,295,-89,384,180,35
"background",322,322,224,323,128,81,15,0,60,32,3,22,27,161,43,7696,415,48,367,321,255
"background",323,323,201,313,93,79,10,2,38,28,9,20,27,163,39,8591,414,6,408,116,242
"background",324,324,81,163,12,1203,225,5,77,601,36,43,601,142,45,6120,269,-45,314,12,163
"background",325,325,116,221,20,194,23,9,24,62,36,48,59,157,41,7898,325,-57,382,35,149
"background",326,326,110,188,51,593,111,1,86,309,8,18,309,114,42,5531,269,1,268,51,182
"background",327,327,59,166,-43,310,39,20,22,99,62,76,74,162,39,8140,289,-120,409,91,162
"background",328,328,144,226,70,1071,206,3,81,541,18,28,541,145,45,6236,329,8,321,70,225
"background",329,329,24,119,-58,476,50,31,12,136,107,109,129,154,42,7075,228,-136,364,-53,91
"background",330,330,148,204,89,668,148,1,91,374,7,11,374,145,54,4561,295,28,267,89,202
"background",331,331,171,255,85,276,52,0,80,144,2,2,139,151,44,6692,360,24,336,104,255
"background",332,332,146,172,124,372,78,0,96,219,1,12,213,93,62,1876,219,69,150,125,162
"background",333,333,176,237,128,176,30,0,70,87,5,23,87,164,58,4243,324,45,279,128,202
"background",334,334,96,146,54,1828,316,11,72,901,73,89,836,109,51,3685,220,8,212,59,143
"background",335,335,56,162,-40,345,37,23,13,103,76,79,82,166,41,7884,279,-122,401,38,157
"background",336,336,167,254,82,322,58,0,82,165,3,3,159,159,45,6761,369,22,347,98,254
"background",337,337,106,215,5,198,23,7,29,67,29,36,62,169,41,8163,339,-70,409,10,208
"background",338,338,151,231,82,430,85,1,90,240,6,13,226,135,45,5867,318,20,298,89,227
"background",339,339,92,200,-5,220,25,7,30,68,29,40,64,178,43,7983,331,-82,413,124,194
"background",340,340,182,282,87,102,20,1,71,52,5,8,51,168,43,7649,389,2,387,105,257
"background",341,341,99,205,0,152,17,7,22,47,28,43,33,168,42,8005,319,-81,400,200,47
"background",342,342,83,182,-3,281,42,10,44,114,37,40,114,169,44,7317,303,-81,384,-3,179
"background",343,343,77,185,-24,295,33,17,16,91,60,63,71,166,40,8159,303,-105,408,63,180
"background",344,344,63,160,-25,268,26,18,12,74,58,70,65,162,43,7294,272,-104,376,10,21
"background",345,345,165,263,75,155,28,2,73,78,9,13,76,159,43,7442,368,0,368,88,238
"background",346,346,116,223,16,132,14,7,17,37,27,30,36,184,44,8074,349,-69,418,149,217
"background",347,347,169,255,81,236,46,0,84,129,2,2,121,153,44,6830,364,21,343,100,255
"background",348,348,104,210,5,246,25,12,17,71,50,58,66,175,42,7980,325,-82,407,22,138
"background",349,349,165,245,83,233,44,0,81,120,2,2,120,156,46,6373,356,21,335,83,245
"background",350,350,111,138,87,1652,303,4,80,845,35,49,830,76,55,2082,182,46,136,92,134
"background",351,351,105,204,17,276,33,8,35,96,39,66,93,145,41,7367,300,-51,351,28,132
"background",352,352,220,333,110,56,8,1,46,22,5,13,21,164,39,8719,432,21,411,133,262
"background",353,353,97,205,-5,244,24,15,14,68,52,61,52,184,43,8146,326,-99,425,85,-5
"background",354,354,68,162,-14,392,59,13,49,162,48,49,162,159,44,6954,274,-87,361,-14,159
"background",355,355,113,172,60,1727,314,4,84,902,29,50,874,135,51,4423,270,10,260,64,170
"background",356,356,57,143,-16,398,66,10,55,176,41,44,176,130,41,6392,234,-77,311,-16,116
"background",357,357,213,313,120,103,19,1,53,40,6,30,32,152,42,7613,404,45,359,310,242
"background",358,358,63,169,-29,377,41,16,24,118,59,70,103,150,39,7829,285,-98,383,40,166
"background",359,359,106,213,7,155,17,8,20,47,29,42,37,164,41,8080,323,-73,396,208,53
"background",360,360,85,159,25,1298,225,5,78,656,39,54,628,152,50,5444,270,-34,304,29,158
"background",361,361,92,192,0,227,26,8,27,69,37,46,58,170,43,7445,316,-73,389,122,185
"background",362,362,91,172,22,1043,204,3,80,538,26,34,538,146,46,6061,280,-37,317,22,171
"background",363,363,113,219,13,125,15,5,24,41,22,27,33,176,43,8021,339,-68,407,149,212
"background",364,364,104,158,57,1890,331,9,75,949,63,81,885,118,51,4008,239,11,228,61,156
"background",365,365,77,152,12,1024,184,9,71,516,51,60,475,146,48,5580,261,-42,303,16,151
"background",366,366,132,236,36,202,23,6,30,65,33,50,59,161,42,7826,340,-41,381,51,165
"background",367,367,91,195,-6,167,19,8,22,51,31,47,37,168,42,7851,309,-88,397,190,40
"background",368,368,113,219,13,125,15,5,24,41,22,27,33,177,43,8044,340,-68,408,149,213
"background",369,369,97,198,6,190,27,9,36,70,29,32,70,173,44,7534,319,-74,393,6,194
"background",370,370,85,194,-17,290,33,15,19,92,55,60,71,159,39,8238,311,-91,402,69,190
"background",371,371,136,167,104,400,81,1,87,214,6,9,212,117,61,2545,235,45,190,106,162
"background",372,372,86,162,29,716,134,3,85,365,14,27,365,108,42,5346,238,-19,257,29,155
"background",373,373,187,293,85,81,16,1,65,39,6,12,39,164,41,8155,398,1,397,85,222
"background",374,374,112,218,13,125,15,6,23,40,23,28,33,178,43,7979,339,-69,408,148,211
"background",375,375,138,242,44,186,24,5,36,64,27,46,63,154,41,7792,341,-31,372,58,171
"background",376,376,54,135,-19,834,145,11,63,397,59,59,360,138,43,6144,241,-75,316,-12,135
"background",377,377,98,206,0,225,26,9,25,73,35,43,59,175,42,8095,335,-78,413,83,201
"background",378,378,63,143,-3,562,104,9,71,273,30,30,273,128,43,5943,232,-62,294,-3,143
"background",379,379,92,191,1,333,45,8,43,130,33,41,121,157,41,7435,308,-66,374,7,188
"background",380,380,68,180,-36,281,34,19,18,88,61,68,61,162,39,8415,299,-116,415,103,175
"background",381,381,90,172,23,548,97,5,77,273,22,33,269,129,43,6053,264,-32,296,26,171
"background",382,382,55,158,-42,343,34,25,10,100,80,80,82,168,41,7797,275,-126,401,38,158
"background",383,383,63,159,-22,332,40,11,32,115,44,52,107,162,43,7134,280,-94,374,-14,157
"background",384,384,178,268,89,213,38,0,80,112,3,3,100,154,44,7008,372,22,350,107,268
"background",385,385,86,174,3,476,65,6,50,192,39,44,184,169,46,6706,297,-69,366,11,172
"background",386,386,21,102,-44,420,64,15,44,169,57,60,163,128,42,5994,193,-105,298,-44,75
"background",387,387,53,157,-41,407,42,22,18,123,75,81,109,155,40,7780,271,-116,387,32,154
"background",388,388,102,210,3,179,21,8,23,58,31,37,45,180,43,8109,339,-79,418,135,205
"background",389,389,175,276,80,118,18,1,51,50,12,19,49,159,42,7710,381,3,378,96,205
"background",390,390,67,157,-15,431,56,10,41,162,44,55,151,158,43,6803,277,-83,360,-8,156
"background",391,391,71,174,-24,301,35,11,29,100,42,54,90,171,42,7685,302,-98,400,-16,168
"background",392,392,197,304,95,88,13,1,43,31,8,23,30,158,40,8207,405,13,392,114,233
"background",393,393,139,206,87,365,62,0,68,178,18,67,162,148,54,4689,289,16,273,88,140
"background",394,394,171,273,79,209,32,3,44,71,20,57,66,125,37,7662,357,22,335,91,201
"background",395,395,141,210,82,549,107,0,91,308,4,13,291,146,50,5093,305,15,290,87,207
"background",396,396,96,197,5,192,28,9,36,72,29,32,72,172,43,7507,318,-74,392,5,193
"background",397,397,144,176,114,544,113,0,91,306,3,12,304,128,65,2451,245,50,195,116,170
"background",398,398,130,230,39,206,34,4,55,92,21,28,92,147,40,7548,329,-30,359,52,205
"background",399,399,81,164,8,1161,211,6,76,568,41,41,568,153,46,6256,279,-53,332,8,164
"background",400,400,58,161,-33,366,41,16,27,118,56,68,105,156,40,7675,282,-103,385,-24,158
"background",401,401,228,328,130,73,14,0,55,29,3,19,24,163,43,7790,421,47,374,290,261
"background",402,402,143,256,37,123,16,6,26,41,23,28,39,160,39,8541,359,-43,402,57,230
"background",403,403,70,172,-20,224,26,13,18,69,45,52,55,174,43,7559,296,-101,397,96,168
"background",404,404,68,171,-25,301,35,11,29,100,42,54,89,174,43,7617,301,-102,403,-18,165
"background",405,405,230,340,124,99,14,1,43,35,8,23,33,145,38,8470,428,52,376,144,269
"background",406,406,171,233,124,187,31,0,68,88,5,27,86,167,59,4261,325,43,282,126,198
"background",407,407,155,217,106,247,42,0,72,122,11,31,122,157,57,4321,301,28,273,106,184
"background",408,408,86,204,-29,271,36,7,41,105,30,38,98,149,36,9002,321,-90,411,-18,197
"background",409,409,208,320,98,78,14,2,55,36,8,12,35,165,40,8683,422,10,412,121,249
"background",410,410,163,238,84,283,56,1,82,144,5,5,144,149,46,6059,346,27,319,84,238
"background",411,411,168,260,83,1008,194,5,76,505,34,34,505,146,42,7062,368,21,347,83,260
"background",412,412,40,138,-50,402,47,17,28,136,60,73,124,174,43,7376,268,-130,398,-39,135
"background",413,413,112,212,20,184,28,8,43,76,27,27,76,183,45,7515,332,-68,400,20,212
"background",414,414,96,204,-2,214,24,7,29,66,29,39,61,180,43,8049,336,-80,416,128,198
"background",415,415,123,177,73,1197,230,3,85,627,19,33,621,145,55,4092,275,14,261,77,175
"background",416,416,162,237,83,310,62,1,83,158,5,5,158,147,46,6058,343,27,316,83,237
"background",417,417,100,202,7,244,27,10,24,77,44,58,74,156,41,7661,306,-69,375,20,130
"background",418,418,66,168,-26,307,37,11,31,106,42,54,97,171,43,7578,297,-100,397,-19,163
"background",419,419,104,210,6,129,16,8,21,41,27,34,31,182,44,7930,332,-80,412,139,49
"background",420,420,144,222,74,468,90,1,86,256,5,14,246,175,50,5906,344,-2,346,84,222
"background",421,421,98,199,6,232,32,9,37,86,31,36,86,168,43,7527,320,-67,387,14,195
"background",422,422,100,209,0,216,25,7,29,72,30,39,66,173,41,8117,336,-76,412,5,202
"background",423,423,61,142,-7,1165,191,8,68,537,54,58,526,139,44,6082,247,-65,312,2,142
"background",424,424,116,224,15,250,29,8,24,75,45,58,64,174,42,8158,339,-69,408,32,151
"background",425,425,95,200,-3,150,19,9,21,50,31,37,35,177,43,7927,324,-85,409,127,195
"background",426,426,77,182,-18,267,31,9,29,88,38,49,79,172,42,7765,310,-93,403,-12,176
"background",427,427,156,262,57,137,22,3,49,57,15,26,57,154,40,8066,363,-18,381,73,190
"background",428,428,170,224,125,330,62,2,83,175,7,12,162,139,55,3894,306,56,250,127,217
"background",429,429,108,211,13,218,28,7,35,80,27,33,77,172,43,7745,336,-62,398,18,206
"background",430,430,141,195,93,598,125,1,93,337,4,12,333,166,58,4011,299,16,283,100,191
"background",431,431,70,169,-22,209,22,13,14,57,44,57,47,175,44,7452,290,-107,397,54,23
"background",432,432,112,160,71,1546,271,4,79,784,35,51,759,107,51,3509,230,24,206,75,156
"background",433,433,110,217,10,233,24,11,16,66,48,55,60,176,43,8067,332,-77,409,27,145
"background",434,434,160,253,74,174,28,1,62,81,11,13,78,165,45,7068,361,-3,364,87,226
"background",435,435,86,192,-10,226,25,9,25,70,36,45,62,176,43,7891,319,-90,409,115,186
"background",436,436,107,214,8,152,17,7,23,47,28,31,47,183,44,8006,338,-77,415,13,207
"background",437,437,229,324,135,61,9,0,49,24,2,12,24,170,45,7467,419,48,371,135,259
"background",438,438,106,184,35,1205,222,7,78,628,44,54,594,161,49,5915,304,-23,327,39,183
"background",439,439,97,181,22,1262,217,7,74,612,45,45,598,158,46,6325,297,-41,338,27,181
"background",440,440,70,168,-18,281,30,15,19,85,56,70,81,153,42,7326,272,-92,364,-8,95
"background",441,441,98,181,26,1295,233,8,78,639,39,48,639,147,45,6233,284,-37,321,26,180
"background",442,442,171,255,90,260,49,0,84,143,3,3,130,146,43,6505,353,21,332,105,255
"background",443,443,71,177,-27,274,37,14,27,90,49,61,67,162,40,7910,299,-100,399,103,171
"background",444,444,189,248,144,150,27,0,76,77,3,15,77,166,60,4026,338,62,276,147,212
"background",445,445,112,218,12,124,15,5,24,40,22,27,33,178,43,8024,339,-70,409,147,212
"background",446,446,99,204,4,341,41,10,27,109,56,77,96,159,41,7826,311,-70,381,17,130
"background",447,447,76,168,-9,405,54,10,42,156,41,53,148,156,43,7008,287,-75,362,-3,167
"background",448,448,77,180,-16,289,32,11,27,89,42,54,82,175,43,7640,311,-92,403,-11,174
"background",449,449,128,243,18,121,13,6,19,36,23,32,28,177,41,8775,358,-72,430,235,66
"background",450,450,166,272,68,171,24,4,37,56,21,46,51,136,37,8018,363,3,360,83,199
"background",451,451,75,150,11,1047,183,9,71,519,52,59,482,149,48,5612,260,-48,308,15,150
"background",452,452,225,327,129,92,16,1,52,36,5,27,29,139,39,7786,412,59,353,322,259
"background",453,453,223,322,129,92,16,1,53,36,6,24,29,158,43,7601,413,50,363,286,254
"background",454,454,221,324,124,106,18,1,51,39,7,29,35,141,39,7858,411,54,357,319,254
"background",455,455,45,127,-24,992,167,14,69,463,58,63,458,135,44,6128,219,-87,306,-13,127
"background",456,456,56,145,-23,632,105,12,62,284,49,49,284,159,44,6684,260,-96,356,-23,145
"background",457,457,79,177,-10,188,23,9,24,64,37,43,64,170,44,7283,291,-91,382,-10,136
"background",458,458,51,153,-41,382,39,25,10,107,90,91,93,170,42,7616,269,-128,397,32,125
"background",459,459,222,304,145,56,11,0,72,26,1,22,21,176,51,6182,398,57,341,280,240
"background",460,460,58,149,-22,425,52,13,35,151,51,63,139,149,42,6836,263,-86,349,-15,149
"background",461,461,128,234,31,231,27,7,27,73,39,55,64,163,42,7928,340,-47,387,46,161
"background",462,462,204,322,91,124,15,2,37,44,14,26,39,146,36,9001,416,19,397,112,246
"background",463,463,72,169,-16,324,39,11,31,112,43,52,102,159,42,7272,288,-86,374,-9,166
"background",464,464,160,233,85,483,98,1,83,247,7,10,247,142,46,5888,339,32,307,85,233
"background",465,465,76,151,11,1057,181,11,65,513,64,70,460,137,46,5591,257,-38,295,15,149
"background",466,466,171,255,87,390,75,0,82,205,4,4,195,154,45,6631,363,24,339,104,255
"background",467,467,34,112,-27,620,108,11,66,289,46,61,286,116,42,5701,196,-80,276,-25,111
"background",468,468,147,252,51,169,21,5,32,57,26,42,55,159,41,7895,353,-26,379,66,181
"background",469,469,46,127,-21,468,79,13,59,210,42,42,210,138,44,5960,222,-86,308,-21,127
"background",470,470,74,164,-10,395,50,9,41,147,40,50,136,165,44,6897,287,-83,370,-3,163
"background",471,471,145,202,89,1096,237,2,91,603,12,22,603,151,53,4491,306,26,280,89,201
"background",472,472,152,261,50,138,20,5,36,49,23,31,49,156,40,8281,361,-27,388,68,189
"background",473,473,124,204,53,1437,269,4,81,725,26,39,725,144,45,6067,308,-7,315,53,204
"background",474,474,90,195,-6,163,20,11,18,52,35,43,36,180,43,7822,319,-91,410,121,37
"background",475,475,65,163,-22,277,31,11,25,86,44,54,76,166,43,7261,285,-94,379,-16,158
"background",476,476,56,157,-37,368,43,13,31,128,50,62,118,167,42,7551,284,-110,394,-28,152
"background",477,477,176,277,81,103,16,1,50,44,10,16,43,160,42,7693,382,4,378,97,251
"background",478,478,91,172,23,1349,256,4,79,683,35,42,683,142,45,6060,277,-34,311,23,172
"background",479,479,85,195,-16,278,28,17,16,80,55,70,56,179,42,8213,316,-105,421,70,-7
"background",480,480,72,188,-39,238,31,15,24,79,49,64,49,160,37,8789,311,-114,425,111,-39
"background",481,481,107,137,82,1671,301,4,79,851,36,52,830,80,55,2240,183,40,143,87,133
"background",482,482,179,291,74,178,22,4,37,61,21,42,54,141,37,8488,384,7,377,91,215
"background",483,483,24,109,-45,856,133,18,59,375,71,71,355,134,42,6243,206,-106,312,-32,109
"background",484,484,82,181,-9,270,32,9,32,95,36,43,89,166,43,7422,304,-82,386,-2,177
"background",485,485,154,224,96,528,105,0,91,298,6,15,284,135,48,5063,309,31,278,100,218
"background",486,486,165,244,84,473,96,1,84,245,8,8,245,151,45,6336,356,26,330,84,244
"background",487,487,77,181,-12,306,35,16,23,102,54,60,78,157,41,7640,297,-84,381,55,178
"background",488,488,216,325,112,113,16,1,42,39,10,27,36,139,37,8397,413,44,369,130,253
"background",489,489,166,230,113,313,61,2,81,170,11,16,153,156,54,4580,324,40,284,116,200
"background",490,490,142,218,74,455,90,1,89,249,4,13,245,187,52,5798,347,-8,355,83,218
"background",491,491,63,170,-36,301,33,20,14,90,68,71,68,171,41,8030,289,-122,411,48,-26
"background",492,492,134,240,36,167,22,6,33,57,28,40,56,154,40,8014,340,-39,379,52,168
"background",493,493,135,223,57,636,121,2,81,330,13,13,325,144,43,6626,322,-8,330,65,223
"background",494,494,133,236,40,224,28,6,34,73,32,57,67,150,40,7711,335,-31,366,53,164
"background",495,495,107,217,5,132,15,5,25,42,22,26,38,182,42,8297,344,-81,425,144,211
"background",496,496,146,246,52,210,37,4,66,102,17,20,101,153,41,7601,347,-21,368,67,221
"background",497,497,131,236,32,194,21,7,24,60,35,47,55,166,42,7961,343,-48,391,49,165
"background",498,498,91,154,39,1572,274,6,76,789,46,64,741,135,51,4621,250,-14,264,43,151
"background",499,499,64,147,-7,1109,196,10,74,536,47,54,536,140,44,6192,244,-69,313,-7,145
"background",500,500,138,243,40,191,22,6,27,59,33,47,52,166,42,7941,349,-40,389,56,171
"background",501,501,101,183,35,1667,307,6,79,830,42,50,830,134,44,6067,279,-19,298,35,182
"background",502,502,207,319,96,78,14,2,55,36,8,12,35,165,39,8694,422,9,413,120,248
"background",503,503,168,252,82,238,42,0,81,121,3,3,117,159,46,6683,365,20,345,100,252
"background",504,504,91,197,-6,203,21,8,26,63,32,39,61,172,42,7902,320,-84,404,0,191
"background",505,505,162,238,85,475,105,1,88,254,6,10,254,139,44,6056,344,33,311,85,237
"background",506,506,193,296,97,112,16,1,43,39,10,28,39,159,41,7840,398,18,380,113,226
"background",507,507,148,234,73,543,105,2,86,298,11,22,284,159,47,6380,337,0,337,81,231
"background",508,508,138,164,114,382,76,1,89,210,3,26,205,110,64,1970,225,55,170,116,156
"background",509,509,52,156,-43,388,41,23,16,117,76,82,100,160,40,7816,273,-121,394,33,153
"background",510,510,147,247,54,192,34,3,63,92,15,20,91,152,41,7555,348,-17,365,69,221
"background",511,511,37,121,-35,575,92,16,57,251,57,57,250,143,44,6247,219,-102,321,-24,121
"background",512,512,107,215,4,204,20,14,11,58,46,50,46,180,42,8206,335,-85,420,96,11
"background",513,513,134,219,60,1026,187,3,81,511,18,25,511,151,46,6373,328,0,328,60,218
"background",514,514,136,199,82,576,109,0,89,318,4,14,304,157,53,4695,301,10,291,87,196
"background",515,515,121,201,58,400,72,2,58,171,27,97,147,134,46,5744,284,-5,289,59,128
"background",516,516,173,259,84,207,38,0,78,108,2,2,103,158,45,6847,367,18,349,104,259
"background",517,517,124,178,74,1547,282,3,82,801,29,46,784,117,50,4101,260,27,233,78,176
"background",518,518,98,206,-2,223,26,7,31,75,30,40,68,173,41,8090,334,-78,412,3,199
"background",519,519,115,141,92,1412,257,4,79,711,33,45,703,72,54,1990,182,51,131,96,136
"background",520,520,65,166,-29,306,35,12,29,100,45,56,89,177,43,7597,299,-108,407,-20,161
"background",521,521,33,113,-32,854,144,16,66,394,58,64,392,132,44,5927,204,-93,297,-21,112
"background",522,522,112,219,9,202,20,13,11,56,46,50,48,179,42,8179,337,-80,417,62,56
"background",523,523,85,194,-15,248,30,9,28,79,37,47,67,171,41,8140,322,-92,414,117,188
"background",524,524,183,274,95,230,43,0,77,120,3,3,106,151,43,7063,376,28,348,111,274
"background",525,525,175,221,134,302,65,0,93,180,4,9,169,121,55,3387,284,66,218,138,213
"background",526,526,97,198,5,275,30,11,25,87,49,65,83,158,42,7596,303,-72,375,17,126
"background",527,527,68,179,-37,253,34,16,24,84,52,63,56,168,40,8361,305,-115,420,104,172
"background",528,528,216,291,143,63,12,0,66,31,1,23,22,160,50,5716,375,61,314,271,231
"background",529,529,146,189,108,443,87,0,92,252,2,9,234,139,60,3218,268,37,231,111,184
"background",530,530,78,166,-7,345,48,8,40,132,38,48,122,171,46,6768,293,-77,370,-2,163
"background",531,531,61,163,-31,345,40,12,30,117,47,60,107,169,42,7540,291,-104,395,-23,158
"background",532,532,57,158,-34,352,41,13,30,120,49,62,109,170,42,7513,287,-109,396,-26,153
"background",533,533,140,227,63,756,146,2,82,390,18,18,386,161,46,6553,342,-4,346,68,227
"background",534,534,190,247,146,146,27,0,75,76,3,14,75,164,60,3913,335,64,271,149,211
"background",535,535,157,236,80,680,150,2,86,376,12,14,376,147,45,6182,346,21,325,80,235
"background",536,536,85,175,2,410,55,7,44,157,37,45,150,163,45,6824,294,-67,361,8,173
"background",537,537,85,192,-10,289,34,13,24,97,48,55,74,159,40,7952,311,-81,392,65,188
"background",538,538,122,194,60,1103,221,2,87,587,14,26,578,157,50,5412,309,-4,313,65,194
"background",539,539,105,212,6,155,17,8,21,47,29,42,38,161,40,8067,321,-72,393,207,53
"background",540,540,165,246,83,271,55,0,85,142,2,2,142,150,45,6396,355,27,328,83,246
"background",541,541,56,163,-46,299,37,17,22,93,56,67,75,171,41,8103,289,-126,415,89,158
"background",542,542,55,155,-38,340,39,14,28,112,50,61,101,180,44,7488,289,-119,408,-28,150
"background",543,543,148,224,78,377,70,1,83,192,5,12,192,162,49,5761,339,11,328,89,222
"background",544,544,86,177,3,360,48,7,41,135,36,45,128,164,45,6838,296,-67,363,8,174
"background",545,545,92,180,10,499,83,8,57,229,41,46,205,165,45,6714,302,-57,359,14,178
"background",546,546,78,183,-15,204,22,10,20,60,37,43,58,172,42,7766,306,-95,401,-9,178
"background",547,547,90,193,-4,169,19,8,19,51,35,42,49,161,41,7711,300,-84,384,11,40
"background",548,548,94,198,-3,170,19,9,19,52,32,48,39,164,41,7853,310,-82,392,193,44
"background",549,549,82,171,0,449,60,7,46,175,39,45,167,165,45,6721,291,-71,362,7,169
"background",550,550,81,186,-14,265,30,10,26,83,39,49,74,171,42,7850,314,-89,403,63,182
"background",551,551,168,217,126,324,65,1,85,179,6,12,167,115,53,3541,277,61,216,129,209
"background",552,552,107,214,8,189,22,7,30,64,27,33,61,172,42,7994,338,-68,406,14,207
"background",553,553,156,245,76,289,59,1,86,164,7,12,155,140,42,6742,336,8,328,87,244
"background",554,554,103,212,1,212,26,7,31,73,31,39,66,167,40,8205,338,-72,410,7,206
"background",555,555,168,256,85,548,104,2,78,273,17,17,273,143,42,6797,360,25,335,85,256
"background",556,556,109,217,6,200,19,14,9,56,46,49,46,180,42,8224,337,-84,421,98,54
"background",557,557,67,166,-22,236,24,15,14,66,49,63,55,165,43,7376,280,-102,382,162,23
"background",558,558,206,306,113,115,20,1,50,44,8,33,36,157,42,7570,403,37,366,301,237
"background",559,559,138,224,66,1247,220,6,79,607,27,40,605,142,44,6353,325,7,318,73,222
"background",560,560,62,165,-29,335,38,14,28,109,50,63,97,159,40,7657,288,-101,389,-21,162
"background",561,561,52,152,-36,337,39,13,27,111,51,63,101,165,42,7384,277,-110,387,-29,148
"background",562,562,135,171,100,769,170,2,91,432,9,14,432,120,60,2837,237,40,197,100,167
"background",563,563,119,220,28,243,29,7,35,83,34,61,80,148,41,7546,317,-42,359,40,148
"background",564,564,122,230,21,211,23,8,21,61,41,50,53,176,42,8153,344,-66,410,39,158
"background",565,565,30,108,-33,488,82,15,57,215,49,57,207,130,44,5799,199,-94,293,-33,108
"background",566,566,90,172,16,961,168,8,70,457,45,45,453,157,46,6233,288,-47,335,20,172
"background",567,567,34,135,-52,493,55,32,13,143,112,112,124,161,42,7445,249,-133,382,-26,105
"background",568,568,150,223,79,781,170,1,90,436,9,9,436,163,49,5748,340,13,327,79,223
"background",569,569,165,246,83,264,53,0,82,138,2,2,138,151,45,6410,355,26,329,83,246
"background",570,570,204,297,118,147,23,1,52,62,10,25,62,172,46,7089,405,34,371,118,230
"background",571,571,166,269,70,193,28,4,40,65,20,53,59,130,37,7841,358,11,347,84,198
"background",572,572,91,171,22,973,172,7,72,489,46,46,455,159,48,5957,288,-40,328,26,171
"background",573,573,63,152,-17,440,58,12,39,164,48,62,154,152,43,6733,269,-81,350,-10,152
"background",574,574,64,156,-20,304,34,11,25,94,49,59,82,163,44,6902,277,-89,366,-14,152
"background",575,575,70,177,-28,282,32,19,16,86,58,70,58,169,41,7992,296,-110,406,99,-18
"background",576,576,137,212,75,608,112,2,83,304,9,16,304,139,47,5566,314,20,294,78,210
"background",577,577,85,191,-8,261,31,12,25,87,43,51,67,167,42,7807,314,-83,397,66,187
"background",578,578,167,275,67,142,19,3,37,46,18,37,43,152,40,8150,372,-8,380,83,202
"background",579,579,140,206,83,529,100,0,88,293,4,13,279,159,53,4918,310,10,300,89,204
"background",580,580,82,166,5,982,157,7,68,458,47,47,444,163,46,6378,283,-64,347,11,166
"background",581,581,88,195,-8,259,30,10,26,84,39,48,70,170,41,7993,322,-83,405,71,191
"background",582,582,165,249,83,739,152,1,83,383,14,14,383,144,43,6550,356,22,334,83,249
"background",583,583,154,218,103,277,48,1,67,132,15,40,132,157,56,4488,302,25,277,105,186
"background",584,584,51,155,-44,386,43,17,26,121,58,72,112,167,41,7783,279,-122,401,-34,151
"background",585,585,53,156,-46,326,39,16,26,102,54,65,91,180,43,7822,287,-131,418,-35,151
"background",586,586,153,243,72,269,52,2,82,147,8,8,139,137,42,6802,334,9,325,82,243
"background",587,587,78,160,4,655,110,9,63,310,46,47,290,156,46,6221,276,-59,335,7,159
"background",588,588,101,181,31,653,109,9,57,298,52,52,262,154,47,6008,298,-26,324,32,181
"background",589,589,94,158,40,1475,264,9,75,753,54,70,694,130,49,4739,255,-7,262,44,157
"background",590,590,148,217,84,325,67,1,89,184,3,9,182,185,54,5261,338,0,338,95,216
"background",591,591,181,285,84,159,22,2,41,54,15,40,49,140,39,7893,373,18,355,98,213
"background",592,592,172,256,92,265,49,0,82,146,3,3,131,147,44,6486,354,23,331,106,256
"background",593,593,140,216,73,455,89,1,89,248,4,4,243,188,53,5756,345,-9,354,82,216
"background",594,594,107,192,27,1274,212,6,73,613,45,45,595,165,46,6539,312,-41,353,32,192
"background",595,595,89,164,28,1286,223,4,79,651,33,48,629,152,49,5542,275,-32,307,33,163
"background",596,596,145,235,66,334,48,2,53,140,32,52,137,156,45,6735,337,-4,341,74,209
"background",597,597,89,193,-7,239,29,9,28,77,38,49,59,176,43,7772,325,-81,406,121,186
"background",598,598,51,132,-17,1243,212,15,66,603,77,77,553,134,44,5939,236,-67,303,-10,132
"background",599,599,66,162,-19,352,42,12,31,121,47,56,111,156,42,7120,278,-87,365,-12,159
"background",600,600,95,203,-3,216,23,7,27,66,30,41,62,176,42,8025,330,-82,412,127,197
"background",601,601,72,155,1,1208,218,9,76,595,43,51,595,141,44,6165,254,-60,314,1,153
"background",602,602,145,213,84,594,117,2,85,307,9,14,307,139,49,5118,310,28,282,84,210
"background",603,603,152,198,103,364,76,1,86,191,5,8,190,115,53,3723,262,49,213,112,195
"background",604,604,150,260,47,217,28,5,31,74,31,48,63,159,40,8316,364,-29,393,64,186
"background",605,605,89,170,18,705,125,3,77,358,37,40,352,158,48,6067,270,-56,326,24,144
"background",606,606,63,150,-14,447,62,10,43,173,45,54,162,144,42,6574,259,-76,335,-7,150
"background",607,607,230,331,134,76,13,1,50,29,4,21,25,145,40,7753,416,59,357,327,263
"background",608,608,187,301,79,123,15,3,34,41,15,29,36,148,37,8675,397,5,392,98,226
"background",609,609,70,179,-35,278,34,14,22,86,48,56,71,167,40,8312,302,-112,414,61,173
"background",610,610,217,317,123,110,20,1,53,44,6,31,35,155,42,7665,408,46,362,314,248
"background",611,611,58,163,-45,284,37,15,26,88,51,61,74,181,42,8091,294,-133,427,91,159
"background",612,612,66,153,-14,525,90,9,58,243,45,51,217,149,43,6631,267,-76,343,-8,153
"background",613,613,160,267,61,145,22,4,40,54,21,35,54,154,40,8099,364,-15,379,61,197
"background",614,614,47,124,-17,985,168,12,64,470,66,67,429,133,44,5698,225,-71,296,-12,122
"background",615,615,136,218,64,495,92,1,83,257,6,6,253,184,51,6196,349,-11,360,73,218
"background",616,616,171,256,86,330,65,0,83,174,3,3,167,153,45,6689,362,24,338,103,256
"background",617,617,165,204,131,305,71,0,96,186,2,9,155,117,59,2824,261,65,196,132,181
"background",618,618,177,263,91,164,33,1,83,91,3,3,85,165,46,6787,377,23,354,109,263
"background",619,619,168,250,85,187,35,1,78,97,4,4,95,165,47,6528,363,17,346,102,250
"background",620,620,170,272,78,211,33,3,45,71,20,58,67,125,37,7635,356,21,335,90,200
"background",621,621,54,159,-44,314,40,18,23,98,59,71,80,172,41,7914,287,-125,412,85,155
"background",622,622,45,140,-38,333,35,23,13,99,73,77,83,157,43,7054,253,-112,365,22,105
"background",623,623,73,158,-5,820,142,8,70,388,42,42,384,164,46,6460,279,-74,353,3,158
"background",624,624,87,189,-5,309,32,13,22,96,57,70,93,161,42,7589,296,-83,379,7,116
"background",625,625,105,211,7,245,25,12,18,73,49,57,69,172,42,7937,324,-78,402,23,138
"background",626,626,92,176,10,871,142,5,68,406,42,42,395,169,47,6548,298,-60,358,15,176
"background",627,627,73,175,-21,299,33,11,29,96,42,55,87,174,43,7623,306,-96,402,-15,169
"background",628,628,58,146,-19,554,89,14,58,244,53,53,243,151,44,6598,251,-89,340,-10,146
"background",629,629,157,247,77,661,125,1,82,345,8,18,334,141,42,6806,347,16,331,87,246
"background",630,630,45,127,-24,989,167,14,69,463,57,63,458,134,44,6099,218,-86,304,-13,126
"background",631,631,111,165,63,1569,287,4,83,815,28,46,796,134,53,4061,260,10,250,67,163
"background",632,632,56,144,-21,423,56,14,35,156,52,66,144,149,43,6592,259,-82,341,-15,144
"background",633,633,69,162,-17,337,40,10,33,116,41,50,108,169,44,7019,289,-93,382,-10,159
"background",634,634,186,249,136,122,23,0,70,62,2,18,62,174,59,4347,346,54,292,136,213
"background",635,635,54,155,-41,346,34,26,8,98,82,83,83,170,42,7680,272,-127,399,36,62
"background",636,636,157,251,72,188,34,1,73,92,9,10,90,159,44,7107,356,-3,359,84,223
"background",637,637,179,294,67,96,15,4,37,38,15,16,36,170,40,8859,402,-20,422,91,269
"background",638,638,169,256,83,338,64,0,82,179,3,3,170,154,44,6834,368,25,343,99,256
"background",639,639,200,313,90,88,16,2,54,40,9,13,39,165,39,8723,416,3,413,113,241
"background",640,640,220,318,128,128,22,1,54,51,7,35,39,149,42,7509,406,53,353,315,250
"background",641,641,180,294,72,102,16,4,39,38,16,22,38,162,39,8701,395,-12,407,94,221
"background",642,642,119,221,27,203,31,5,48,83,26,35,83,147,40,7630,319,-44,363,40,195
"background",643,643,89,195,-8,250,30,8,31,83,34,45,73,172,42,7885,324,-82,406,-3,188
"background",644,644,158,188,133,242,55,0,98,140,0,2,136,80,57,2238,229,90,139,133,179
"background",645,645,107,189,32,923,173,7,77,483,41,41,456,166,48,6224,314,-27,341,35,189
"background",646,646,75,164,-9,357,57,7,49,153,36,45,137,158,44,6793,280,-77,357,-4,162
"background",647,647,117,198,49,1619,301,5,81,813,33,45,813,139,45,6058,297,-7,304,49,198
"background",648,648,192,296,96,163,26,2,45,56,15,45,51,129,37,7852,380,35,345,290,224
"background",649,649,107,214,9,166,19,9,22,51,33,42,46,150,39,8034,315,-65,380,25,55
"background",650,650,35,136,-60,402,45,21,24,128,69,82,119,167,41,7703,260,-140,400,-48,133
"background",651,651,72,185,-36,249,33,15,25,84,52,66,52,163,38,8527,309,-111,420,109,-15
"background",652,652,94,200,-5,227,27,9,26,73,37,47,56,178,43,7919,332,-80,412,129,192
"background",653,653,119,229,16,135,17,6,25,47,23,29,32,182,43,8338,356,-67,423,156,223
"background",654,654,91,175,20,1167,205,6,78,570,33,42,570,140,44,6262,275,-38,313,20,174
"background",655,655,92,157,37,1348,240,9,73,684,56,70,625,128,48,4799,253,-9,262,41,155
"background",656,656,165,265,74,139,25,1,71,70,7,13,68,148,41,7551,367,8,359,87,239
"background",657,657,94,202,-4,221,25,8,28,72,32,42,66,172,41,8033,328,-82,410,1,195
"background",658,658,85,190,-14,245,24,17,12,72,53,61,54,173,42,7937,308,-99,407,72,-5
"background",659,659,205,289,127,122,17,0,55,49,5,34,49,178,50,6355,390,40,350,127,221
"background",660,660,161,223,112,219,36,0,66,105,10,31,105,159,57,4346,308,32,276,112,189
"background",661,661,188,292,90,161,24,2,43,55,15,43,51,129,37,7970,378,30,348,105,221
"background",662,662,218,326,113,67,11,1,46,26,6,20,21,157,40,8333,423,31,392,320,256
"background",663,663,60,161,-33,325,38,12,29,110,46,57,99,176,43,7523,292,-111,403,-24,156
"background",664,664,35,113,-26,643,113,11,68,302,44,59,299,116,42,5679,196,-79,275,-24,112
"background",665,665,147,229,71,927,187,2,82,480,15,22,480,149,45,6276,335,8,327,71,228
"background",666,666,158,264,59,161,22,4,36,53,21,43,49,152,40,8031,362,-15,377,75,192
"background",667,667,229,331,131,74,14,0,55,29,3,20,25,152,41,7881,420,54,366,328,263
"background",668,668,94,191,4,208,32,8,43,88,31,35,88,174,45,7300,306,-78,384,4,150
"background",669,669,63,147,-13,803,140,11,70,381,46,52,380,148,44,6347,252,-78,330,-2,146
"background",670,670,85,193,-9,288,34,13,25,97,47,55,74,159,40,7942,311,-80,391,65,189
"background",671,671,66,168,-27,308,36,12,29,103,44,56,92,173,43,7585,298,-102,400,-19,162
"background",672,672,156,199,117,470,106,0,99,290,2,6,279,118,56,3198,263,54,209,120,193
"background",673,673,110,195,37,1074,187,6,77,518,31,39,518,144,45,6330,296,-22,318,37,194
"background",674,674,111,218,10,152,16,8,19,45,29,41,37,162,40,8125,328,-69,397,212,57
"background",675,675,78,169,-3,409,68,10,57,183,39,39,183,167,45,6822,288,-78,366,-3,169
"background",676,676,96,203,-2,235,28,7,31,78,31,41,70,173,42,7973,332,-75,407,3,196
"background",677,677,134,220,60,313,54,2,76,157,11,17,148,134,43,6403,311,0,311,67,219
"background",678,678,170,218,130,235,53,0,99,150,2,8,126,154,62,3370,295,48,247,132,189
"background",679,679,158,201,121,413,93,0,99,246,2,5,241,133,60,3152,272,51,221,123,195
"background",680,680,39,117,-22,886,155,12,72,420,44,54,412,128,44,5678,205,-81,286,-22,115
"background",681,681,108,213,11,208,22,10,19,63,41,50,59,163,41,7884,321,-68,389,26,140
"background",682,682,62,146,-8,1200,207,9,72,575,51,54,566,140,44,6211,249,-68,317,2,145
"background",683,683,66,154,-11,306,50,12,51,133,37,37,133,151,44,6503,255,-83,338,-11,154
"background",684,684,44,139,-39,346,36,24,12,102,77,83,84,155,42,7095,250,-114,364,21,54
"background",685,685,74,169,-10,267,30,12,23,81,46,56,67,161,43,7006,290,-77,367,100,164
"background",686,686,48,152,-45,382,39,25,12,112,83,86,94,163,41,7746,268,-127,395,29,148
"background",687,687,177,272,91,200,26,1,46,74,18,40,74,164,45,7176,378,15,363,103,203
"background",688,688,112,220,14,134,16,9,16,41,27,35,32,176,43,8033,339,-70,409,145,56
"background",689,689,196,299,98,84,13,1,45,34,7,18,33,160,41,7901,403,17,386,116,229
"background",690,690,95,201,-2,154,19,10,20,50,33,41,33,180,43,7915,325,-87,412,126,41
"background",691,691,75,185,-28,260,32,17,20,83,52,64,52,175,41,8281,310,-114,424,109,-19
"background",692,692,140,194,93,625,127,0,91,350,3,13,344,165,58,4002,298,16,282,99,191
"background",693,693,172,233,119,407,88,0,93,233,5,12,223,140,52,4432,314,48,266,124,226
"background",694,694,67,170,-26,309,36,13,29,102,46,58,89,167,41,7681,297,-101,398,-18,166
"background",695,695,76,181,-17,316,36,16,22,104,56,63,80,155,40,7815,298,-87,385,54,178
"background",696,696,48,124,-11,880,156,10,74,424,36,49,424,126,45,5525,211,-69,280,-11,122
"background",697,697,87,175,5,506,85,8,57,233,41,47,207,162,45,6711,296,-62,358,9,173
"background",698,698,153,243,73,292,57,2,83,161,8,14,152,135,42,6749,332,12,320,83,242
"background",699,699,153,240,73,529,109,2,83,280,16,16,280,159,46,6627,350,5,345,73,240
"background",700,700,135,217,67,361,63,1,60,165,28,64,148,142,46,5967,306,0,306,71,185
"background",701,701,99,185,20,536,94,8,60,254,43,46,231,164,46,6535,309,-42,351,23,184
"background",702,702,179,266,92,156,28,0,75,84,3,3,73,149,43,6834,364,22,342,111,266
"background",703,703,145,215,89,272,44,1,58,120,20,65,114,151,52,4973,301,15,286,91,150
"background",704,704,172,271,79,100,20,1,68,49,5,8,49,163,43,7592,378,-1,379,79,245
"background",705,705,71,179,-29,272,31,18,16,83,59,65,59,171,41,8086,299,-113,412,103,-29
"background",706,706,90,194,-6,161,20,10,19,52,34,43,34,181,44,7806,320,-91,411,120,37
"background",707,707,132,200,79,385,66,1,65,182,16,87,164,144,52,4833,283,10,273,79,134
"background",708,708,154,224,83,375,75,1,83,193,6,10,193,146,47,5582,330,24,306,83,222
"background",709,709,64,158,-21,301,33,11,25,92,48,59,81,164,44,6980,278,-92,370,-15,153
"background",710,710,191,305,85,150,19,3,38,52,16,35,47,137,36,8606,396,20,376,103,229
"background",711,711,112,224,5,190,24,5,35,64,24,33,54,157,39,8445,344,-56,400,11,215
"background",712,712,221,321,127,94,16,1,51,36,6,27,29,143,40,7646,408,54,354,317,253
"background",713,713,81,159,12,888,160,8,70,447,49,49,412,153,47,5864,275,-45,320,16,159
"background",714,714,58,149,-21,371,42,14,28,120,52,65,110,151,43,6736,265,-83,348,-14,147
"background",715,715,123,210,48,637,121,2,81,330,13,13,325,141,43,6494,308,-16,324,55,210
"background",716,716,153,235,75,634,118,1,82,315,8,8,315,158,46,6391,353,13,340,75,235
"background",717,717,151,222,93,361,72,1,77,197,16,34,168,157,52,5079,317,20,297,96,191
"background",718,718,172,271,79,95,19,1,72,46,5,8,46,163,43,7586,378,-1,379,79,245
"background",719,719,125,232,26,138,15,9,17,41,28,31,37,179,43,8012,351,-59,410,160,224
"background",720,720,110,216,10,131,15,8,20,37,27,31,37,190,45,7972,343,-79,422,144,209
"background",721,721,100,178,31,984,164,11,63,468,63,63,418,149,47,5848,293,-20,313,34,178
"background",722,722,181,225,144,357,80,0,100,225,4,10,208,108,54,3174,283,85,198,147,218
"background",723,723,229,322,137,63,10,0,49,25,3,10,25,175,46,7307,419,41,378,155,261
"background",724,724,78,183,-17,259,29,10,27,84,39,49,78,167,41,7825,307,-92,399,-11,178
"background",725,725,173,235,122,142,24,0,64,62,5,28,62,166,58,4363,327,44,283,122,174
"background",726,726,63,169,-34,358,38,20,16,109,70,74,92,158,40,7948,284,-111,395,44,165
"background",727,727,67,163,-19,278,31,10,25,85,45,55,74,167,44,7142,286,-91,377,-13,158
"background",728,728,163,243,82,463,95,1,84,243,9,9,243,152,45,6351,354,23,331,82,243
"background",729,729,159,273,52,188,24,5,30,63,28,41,53,164,40,8588,378,-26,404,72,198
"background",730,730,212,314,114,88,15,0,50,36,5,26,27,162,42,7870,415,33,382,309,246
"background",731,731,229,321,139,78,15,0,62,36,3,11,36,171,45,7174,418,45,373,155,259
"background",732,732,91,192,2,214,31,9,39,83,32,34,83,178,44,7435,316,-80,396,2,187
"background",733,733,64,151,-16,441,58,11,40,164,47,59,153,158,44,6645,271,-84,355,-9,151
"background",734,734,94,195,3,241,29,10,27,79,42,58,77,148,40,7553,294,-69,363,14,122
"background",735,735,172,214,137,252,54,1,90,151,4,7,132,86,50,2967,254,83,171,139,205
"background",736,736,58,152,-28,308,34,12,24,94,50,61,83,164,43,7059,274,-99,373,-21,148
"background",737,737,65,171,-31,326,33,22,13,96,69,80,69,173,42,7900,291,-117,408,46,-20
"background",738,738,107,192,32,1129,198,6,75,558,40,40,543,160,47,6389,310,-29,339,37,192
"background",739,739,53,162,-49,323,38,20,18,98,64,74,80,162,39,8213,283,-126,409,85,157
"background",740,740,131,210,67,572,107,3,78,301,28,41,273,152,49,5638,306,1,305,73,178
"background",741,741,102,208,5,206,24,7,30,71,29,35,67,170,42,7905,331,-70,401,11,202
"background",742,742,171,278,71,142,21,3,43,48,16,39,46,150,39,8102,374,-2,376,88,206
"background",743,743,110,191,46,642,117,3,72,325,39,70,298,134,46,5856,277,-14,291,48,160
"background",744,744,67,158,-15,402,51,12,36,146,47,60,137,151,42,6877,274,-78,352,-8,157
"background",745,745,171,280,68,117,16,3,40,42,16,28,41,170,41,8282,384,-22,406,88,209
"background",746,746,42,125,-26,1095,186,13,69,511,59,63,510,135,43,6152,222,-86,308,-15,123
"background",747,747,74,163,-10,385,64,7,51,171,37,46,153,151,42,6827,278,-74,352,-4,162
"background",748,748,162,202,129,308,72,0,98,194,2,9,159,122,60,2845,262,61,201,130,193
"background",749,749,61,158,-28,279,28,19,13,82,58,73,61,163,43,7306,271,-108,379,43,-18
"background",750,750,56,154,-32,309,35,12,26,99,48,59,89,162,42,7322,275,-103,378,-25,151
"background",751,751,122,204,48,1043,183,3,74,501,31,31,495,150,45,6267,315,-12,327,54,204
"background",752,752,72,167,-16,314,38,9,33,109,38,46,101,170,44,7144,294,-91,385,-8,164
"background",753,753,69,166,-17,267,29,10,24,81,44,54,69,168,44,7161,289,-89,378,96,161
"background",754,754,168,231,116,155,26,0,63,66,5,35,66,165,58,4431,323,39,284,116,169
"background",755,755,83,193,-19,315,35,13,23,97,50,58,86,161,39,8239,312,-94,406,68,188
"background",756,756,125,211,51,980,177,3,81,491,18,24,491,151,45,6429,318,-11,329,51,210
"background",757,757,162,252,78,667,128,1,83,349,9,19,340,139,42,6907,349,19,330,91,251
"background",758,758,199,267,141,75,20,0,78,36,2,32,27,170,56,4833,358,56,302,251,203
"background",759,759,77,183,-19,271,30,10,28,86,40,50,78,168,41,7887,311,-93,404,-12,178
"background",760,760,91,201,-12,228,25,13,20,69,41,59,41,180,42,8312,326,-101,427,77,-4
"background",761,761,129,216,54,293,50,3,75,145,13,13,139,139,43,6517,310,-8,318,62,216
"background",762,762,146,206,88,1047,221,2,89,568,12,22,567,151,52,4736,314,24,290,92,206
"background",763,763,96,198,3,287,30,11,24,90,51,66,86,160,42,7627,304,-75,379,16,125
"background",764,764,224,307,143,65,12,0,67,28,1,24,26,171,50,6402,400,58,342,283,243
"background",765,765,99,181,30,786,149,4,80,403,18,31,399,136,44,6114,275,-31,306,34,181
"background",766,766,169,256,83,391,76,0,84,208,3,3,198,152,44,6839,364,24,340,100,256
"background",767,767,106,213,7,138,16,7,21,41,26,30,39,180,43,8052,337,-77,414,141,207
"background",768,768,167,240,106,604,125,2,92,349,8,18,330,154,50,5281,337,33,304,111,234
"background",769,769,159,247,77,507,92,1,81,256,6,6,253,156,45,6777,361,15,346,89,247
"background",770,770,117,168,72,1680,304,3,82,870,31,49,847,113,51,3820,246,25,221,76,165
"background",771,771,60,161,-34,335,39,12,30,114,47,59,103,174,43,7595,291,-111,402,-25,156
"background",772,772,72,181,-24,339,37,13,26,104,50,61,93,153,38,8018,301,-92,393,51,177
"background",773,773,175,272,86,184,26,1,46,73,19,31,72,164,44,7327,379,9,370,100,203
"background",774,774,220,325,121,132,19,1,45,46,9,31,46,144,39,8069,413,49,364,121,255
"background",775,775,147,232,69,761,141,2,82,381,12,12,381,162,46,6494,349,3,346,69,232
"background",776,776,117,193,55,1125,218,2,86,593,17,30,580,161,50,5595,309,-11,320,59,192
"background",777,777,73,140,21,1556,268,6,78,783,45,62,744,138,50,4837,239,-33,272,26,137
"background",778,778,173,257,87,287,52,0,81,149,3,3,139,160,46,6652,366,21,345,106,257
"background",779,779,147,204,92,339,62,1,85,182,4,11,173,177,58,4424,314,11,303,100,202
"background",780,780,67,158,-17,421,54,11,38,157,45,57,147,151,42,6929,274,-80,354,-9,158
"background",781,781,85,165,14,742,134,8,67,367,48,48,334,155,47,6019,283,-44,327,17,165
"background",782,782,93,200,-8,225,27,7,32,78,31,41,70,174,42,8057,328,-85,413,-2,193
"background",783,783,176,234,125,290,57,2,82,158,8,15,149,135,53,4240,308,54,254,130,228
"background",784,784,166,245,84,234,43,0,81,119,2,2,119,153,46,6335,354,23,331,84,245
"background",785,785,94,201,-4,201,21,8,26,63,31,39,60,173,42,7982,325,-82,407,2,195
"background",786,786,78,168,-4,380,52,9,42,144,39,49,136,147,42,6822,278,-66,344,2,167
"background",787,787,149,212,88,348,68,1,84,182,5,10,182,159,53,4893,317,17,300,88,209
"background",788,788,171,273,77,181,25,3,40,61,17,47,56,136,39,7753,361,14,347,89,202
"background",789,789,113,150,82,1888,312,14,68,896,92,98,838,89,53,2731,202,37,165,86,146
"background",790,790,77,184,-23,298,30,18,14,83,64,74,66,179,42,8036,304,-113,417,63,-13
"background",791,791,141,218,73,503,95,1,88,274,5,15,262,168,50,5819,335,0,335,81,217
"background",792,792,172,257,85,172,34,0,80,94,3,3,88,165,46,6793,369,13,356,104,257
"background",793,793,67,169,-27,305,35,13,28,99,46,57,87,171,42,7665,298,-104,402,-19,165
"background",794,794,87,191,-6,156,17,9,15,46,32,44,38,174,43,7675,309,-90,399,164,37
"background",795,795,103,177,38,1315,236,5,80,678,36,52,650,156,50,5583,293,-19,312,42,177
"background",796,796,55,141,-24,433,71,13,56,191,45,45,191,155,45,6482,245,-95,340,-24,141
"background",797,797,126,213,50,413,74,3,78,210,15,15,206,144,44,6528,311,-15,326,58,213
"background",798,798,157,227,82,349,71,1,82,181,6,6,181,146,47,5747,331,24,307,82,227
"background",799,799,84,171,3,667,100,7,59,292,44,47,281,165,46,6595,290,-67,357,9,168
"background",800,800,69,162,-14,290,32,13,23,87,49,60,74,159,43,6941,284,-79,363,93,159
"background",801,801,141,214,81,279,37,1,53,107,16,87,104,147,50,5262,300,11,289,83,146
"background",802,802,165,248,83,647,128,2,80,328,18,18,328,146,44,6544,352,24,328,83,248
"background",803,803,170,273,75,110,17,1,51,48,10,17,47,157,41,7803,377,0,377,90,201
"background",804,804,208,325,96,114,14,2,38,40,12,25,36,142,36,8969,417,27,390,117,250
"background",805,805,92,155,38,1613,287,8,76,821,55,71,764,133,50,4675,251,-13,264,42,153
"background",806,806,225,310,142,75,13,0,61,31,2,27,29,165,48,6554,399,60,339,285,246
"background",807,807,119,199,56,413,75,2,59,179,27,99,154,133,46,5751,282,-6,288,57,126
"background",808,808,168,256,85,288,54,1,79,153,5,5,136,147,43,6768,353,16,337,99,256
"background",809,809,79,184,-16,260,30,9,30,87,36,47,79,172,42,7811,314,-91,405,-10,179
"background",810,810,121,232,16,167,19,6,27,54,25,32,44,185,43,8428,364,-66,430,157,225
"background",811,811,57,148,-24,415,51,11,35,145,48,58,134,163,44,6800,270,-97,367,-16,146
"background",812,812,92,204,-13,225,28,8,27,73,35,43,58,174,40,8399,333,-93,426,128,197
"background",813,813,71,181,-34,285,34,15,21,88,52,60,71,163,39,8320,300,-110,410,60,175
"background",814,814,217,317,122,91,17,1,54,35,5,26,29,157,43,7665,409,45,364,314,247
"background",815,815,73,176,-21,286,33,10,30,94,40,52,84,174,43,7678,307,-97,404,-14,170
"background",816,816,89,192,-7,195,20,11,15,56,39,53,45,169,42,7751,306,-89,395,186,39
"background",817,817,74,182,-34,292,36,11,28,94,42,53,79,179,41,8326,313,-115,428,67,176
"background",818,818,174,242,120,141,26,1,61,59,4,50,47,166,56,4736,334,40,294,224,176
"background",819,819,147,232,70,536,117,1,89,299,12,12,299,164,47,6442,344,-2,346,70,232
"background",820,820,100,206,2,135,17,9,21,45,28,36,31,178,43,7930,328,-82,410,133,45
"background",821,821,185,283,94,156,20,1,43,56,14,35,56,166,44,7454,389,15,374,94,214
