"species","x","y","bio1","bio10","bio11","bio12","bio13","bio14","bio15","bio16","bio17","bio18","bio19","bio2","bio3","bio4","bio5","bio6","bio7","bio8","bio9"
"species",1,1,126,174,87,953,192,3,87,504,14,18,504,119,56,3525,245,33,212,87,169
"species",2,2,135,183,94,643,130,1,91,356,5,13,352,152,59,3530,277,23,254,98,179
"species",3,3,146,183,103,703,155,1,92,389,7,10,389,99,52,3164,243,54,189,103,179
"species",4,4,141,169,114,521,107,0,91,291,2,10,289,120,65,2207,235,53,182,116,162
"species",5,5,129,181,87,894,176,2,86,468,13,17,468,119,54,3783,253,34,219,87,176
"species",6,6,130,167,92,949,205,2,89,518,12,18,518,119,58,2984,240,38,202,92,163
"species",7,7,147,204,91,463,93,1,85,239,6,10,239,130,51,4441,288,34,254,91,200
"species",8,8,128,167,94,796,156,2,85,408,12,16,408,106,57,2915,226,43,183,94,162
"species",9,9,149,200,92,467,102,1,88,253,6,9,253,120,51,4238,273,38,235,92,196
"species",10,10,150,223,83,461,91,1,84,237,7,12,237,145,48,5533,327,26,301,83,220
"species",11,11,139,186,91,772,171,1,90,434,9,14,434,144,58,3806,276,30,246,91,182
"species",12,12,137,201,82,574,112,1,91,317,4,14,308,171,55,4748,313,4,309,88,198
"species",13,13,145,197,92,570,117,1,86,297,7,11,297,119,51,4092,269,40,229,92,192
"species",14,14,135,165,103,656,134,1,87,340,9,12,340,86,54,2480,217,60,157,108,159
"species",15,15,141,185,102,625,128,1,91,350,5,14,346,148,60,3307,275,32,243,105,181
"species",16,16,142,188,95,591,121,2,89,315,7,12,315,136,57,3633,264,29,235,95,184
"species",17,17,159,240,88,390,68,2,71,196,21,39,182,164,49,6012,347,15,332,97,211
"species",18,18,147,198,92,501,105,1,86,263,6,10,263,121,51,4148,272,39,233,92,193
"species",19,19,142,175,105,713,151,1,89,383,9,12,383,87,52,2745,228,61,167,105,170
"species",20,20,164,233,107,402,77,2,84,219,11,21,208,145,51,4989,320,36,284,112,228
"species",21,21,137,165,108,54,13,0,82,29,0,1,29,128,65,2297,237,41,196,112,160
"species",22,22,131,171,91,1010,214,2,89,550,13,18,545,111,56,3141,236,40,196,96,166
"species",23,23,116,161,81,834,165,2,88,444,10,16,439,129,60,3242,237,23,214,83,156
"species",24,24,128,205,66,576,105,2,83,297,8,18,291,173,51,5646,328,-5,333,70,203
"species",25,25,112,176,63,536,107,1,80,287,14,100,287,134,52,4505,256,1,255,63,110
"species",26,26,142,181,100,668,142,1,88,357,8,12,357,99,52,3203,240,53,187,100,176
"species",27,27,130,165,98,794,166,2,88,427,10,15,427,113,60,2660,227,41,186,98,161
"species",28,28,159,240,88,390,68,2,71,196,21,39,182,164,49,6012,347,15,332,97,211
"species",29,29,134,189,90,650,132,0,94,373,2,12,358,124,52,3974,266,30,236,91,183
"species",30,30,146,215,85,589,117,1,84,303,7,13,303,127,47,5183,305,35,270,85,211
"species",31,31,177,233,130,343,65,2,84,184,7,13,170,138,54,4004,313,59,254,134,225
"species",32,32,136,165,107,228,46,0,84,122,2,6,122,125,64,2290,235,42,193,107,159
"species",33,33,132,161,102,676,137,2,86,349,10,13,348,85,55,2358,213,59,154,107,155
"species",34,34,142,220,77,455,85,2,77,239,23,38,214,163,51,5631,324,6,318,83,188
"species",35,35,151,222,82,740,163,1,91,410,7,7,410,150,48,5616,331,23,308,82,222
"species",36,36,140,168,112,355,76,0,91,202,2,7,192,116,63,2209,229,46,183,115,161
"species",37,37,141,189,92,694,156,1,92,392,8,12,392,141,57,3867,278,33,245,92,186
"species",38,38,128,162,97,722,141,3,84,366,13,17,366,107,59,2564,222,43,179,97,157
"species",39,39,131,171,91,1010,214,2,89,550,13,18,545,111,56,3141,236,40,196,96,166
"species",40,40,134,173,97,661,132,2,85,339,10,14,339,104,56,3013,230,45,185,97,169
"species",41,41,149,200,92,467,102,1,88,253,6,9,253,120,51,4238,273,38,235,92,196
"species",42,42,160,218,114,530,110,0,94,301,6,13,291,125,51,4138,292,51,241,116,211
"species",43,43,159,230,83,304,61,1,82,155,6,6,155,141,46,5764,331,25,306,83,230
"species",44,44,149,210,87,418,84,1,85,216,6,9,216,140,50,4820,305,29,276,87,206
"species",45,45,150,212,86,464,99,1,87,248,6,10,248,132,48,4967,302,31,271,86,209
"species",46,46,160,250,76,187,31,1,67,89,11,11,86,167,46,6891,359,-2,361,89,223
"species",47,47,167,224,120,343,64,3,82,184,11,19,175,133,53,4092,300,53,247,123,217
"species",48,48,128,153,103,660,132,2,84,336,10,59,336,84,57,1992,204,58,146,108,146
"species",49,49,156,237,85,412,81,1,88,230,7,14,217,141,45,6013,327,19,308,93,234
"species",50,50,147,205,91,513,103,1,86,266,6,10,266,130,51,4469,289,35,254,91,200
"species",51,51,146,200,90,685,152,1,90,379,7,11,379,131,52,4353,282,34,248,90,197
"species",52,52,130,199,73,624,117,1,88,339,5,16,326,156,52,5052,303,4,299,77,196
"species",53,53,145,214,84,400,72,1,84,212,6,13,201,186,55,5187,340,3,337,91,212
"species",54,54,130,163,98,696,138,2,85,355,10,14,355,97,57,2571,218,49,169,98,158
"species",55,55,135,182,92,755,152,2,87,395,10,14,395,119,55,3562,252,37,215,92,178
"species",56,56,149,208,88,486,102,1,86,257,6,10,257,129,49,4724,294,33,261,88,205
"species",57,57,128,168,90,1060,222,2,89,575,13,19,566,111,57,3081,232,40,192,94,163
"species",58,58,128,182,86,904,178,2,86,474,13,17,474,121,53,3912,257,32,225,86,177
"species",59,59,156,229,82,344,67,1,82,174,6,11,174,151,47,5811,339,22,317,96,228
"species",60,60,130,160,102,523,117,1,92,294,6,10,294,109,61,2352,221,44,177,102,154
"species",61,61,131,169,93,1030,214,2,89,557,13,19,547,104,56,3028,229,44,185,97,165
"species",62,62,142,189,95,637,129,1,85,329,7,11,329,112,53,3686,255,45,210,95,184
"species",63,63,148,212,99,287,44,0,66,129,16,46,127,154,56,4450,296,23,273,100,179
"species",64,64,130,208,66,616,114,3,78,324,30,42,296,150,49,5640,303,0,303,71,177
"species",65,65,136,181,90,857,189,1,91,478,9,15,478,136,58,3636,265,32,233,90,177
"species",66,66,163,225,115,214,37,0,73,107,8,26,107,160,57,4280,310,34,276,115,191
"species",67,67,143,187,97,1026,225,1,93,574,10,14,570,104,52,3555,246,47,199,101,184
"species",68,68,147,218,91,662,127,3,87,361,12,24,346,139,50,5037,304,26,278,93,211
"species",69,69,139,168,105,513,110,1,89,273,7,9,273,83,52,2504,220,62,158,105,163
"species",70,70,145,184,111,492,101,0,94,287,2,8,269,118,59,2919,247,47,200,112,178
"species",71,71,129,172,90,1057,217,2,88,566,13,19,556,106,54,3283,235,42,193,95,168
"species",72,72,151,206,95,491,103,1,90,263,5,10,263,141,53,4357,295,32,263,95,204
"species",73,73,130,211,57,1356,266,2,83,698,22,22,698,148,45,6158,319,-3,322,57,211
"species",74,74,149,196,97,413,86,1,85,216,6,8,216,113,52,3873,261,44,217,97,192
"species",75,75,133,172,93,1004,210,2,90,545,13,18,536,103,55,3113,231,44,187,98,168
"species",76,76,145,185,100,853,190,1,92,479,9,12,479,102,52,3361,245,51,194,100,182
"species",77,77,156,229,82,344,67,1,82,174,6,11,174,151,47,5811,339,22,317,96,228
"species",78,78,141,214,78,561,108,2,86,288,8,15,288,152,49,5445,322,14,308,84,211
"species",79,79,134,180,87,952,208,2,90,527,12,18,527,140,58,3661,266,28,238,87,176
"species",80,80,156,209,113,279,54,0,87,157,5,14,149,150,59,3729,288,35,253,115,181
"species",81,81,140,207,81,463,84,1,86,245,6,13,235,184,55,5044,332,1,331,87,205
"species",82,82,148,225,78,429,82,1,84,219,6,13,219,157,48,5826,338,13,325,78,223
"species",83,83,150,208,91,423,86,1,85,221,5,9,221,136,51,4583,298,33,265,91,204
"species",84,84,128,156,101,691,137,2,85,352,11,14,351,88,57,2200,208,55,153,105,150
"species",85,85,151,215,85,421,90,1,85,225,6,10,225,134,48,5103,308,29,279,85,212
"species",86,86,150,212,86,464,99,1,87,248,6,10,248,132,48,4967,302,31,271,86,209
"species",87,87,138,169,103,450,96,1,89,246,6,9,246,116,60,2611,236,43,193,103,164
"species",88,88,127,209,61,525,97,2,74,271,28,50,245,147,48,5897,302,-3,305,66,178
"species",89,89,102,166,53,607,124,2,81,327,16,116,327,130,51,4496,244,-8,252,53,101
"species",90,90,146,215,84,358,65,1,86,191,5,12,182,189,55,5244,342,1,341,92,214
"species",91,91,157,220,106,243,42,1,68,119,12,34,119,158,57,4443,304,27,277,106,187
"species",92,92,142,214,79,425,77,1,84,223,6,14,215,183,53,5394,340,1,339,86,212
"species",93,93,191,295,93,105,14,1,46,39,9,25,38,159,41,7933,398,14,384,111,224
"species",94,94,155,222,81,336,70,1,82,175,6,9,175,141,47,5573,323,23,300,81,222
"species",95,95,149,211,87,442,89,1,85,229,6,10,229,139,50,4888,306,29,277,87,207
"species",96,96,139,186,94,661,135,2,87,349,9,13,349,121,55,3630,257,37,220,94,183
"species",97,97,150,225,79,403,77,1,85,207,5,12,207,157,48,5752,337,14,323,79,223
"species",98,98,101,165,52,625,130,2,82,341,16,116,341,129,51,4509,243,-9,252,52,100
"species",99,99,144,191,94,665,142,1,88,356,7,11,356,113,52,3826,258,44,214,94,187
"species",100,100,134,169,98,648,130,2,85,332,10,13,332,97,55,2782,224,50,174,98,164
"species",101,101,146,215,84,358,65,1,86,191,5,12,182,189,55,5244,342,1,341,92,214
"species",102,102,138,191,90,516,102,2,87,273,7,12,273,150,56,4027,285,21,264,94,187
"species",103,103,125,190,75,441,82,1,74,224,16,84,224,141,53,4577,271,9,262,75,124
"species",104,104,141,191,90,751,167,1,91,420,9,13,420,146,57,3992,283,31,252,90,187
"species",105,105,138,185,90,804,179,1,90,453,9,14,453,144,58,3809,274,29,245,90,182
"species",106,106,155,218,106,237,38,0,67,110,12,35,110,157,57,4385,303,28,275,106,185
"species",107,107,153,192,116,432,92,0,96,259,2,6,242,120,58,2982,254,49,205,120,186
"species",108,108,150,190,115,426,88,0,95,251,2,7,232,124,59,2952,254,45,209,118,184
"species",109,109,128,156,101,691,137,2,85,352,11,14,351,88,57,2200,208,55,153,105,150
"species",110,110,152,206,97,453,95,1,89,241,5,9,241,137,53,4297,292,36,256,97,204
"species",111,111,149,201,91,467,103,1,88,254,6,9,254,121,50,4343,276,38,238,91,198
"species",112,112,150,224,82,476,93,1,84,244,7,12,244,145,47,5620,329,25,304,82,221
"species",113,113,135,162,106,617,129,1,88,323,9,52,323,80,54,2216,212,64,148,111,155
"species",114,114,130,205,69,549,100,2,85,285,8,17,278,176,52,5503,329,-5,334,73,203
"species",115,115,145,214,87,608,121,1,85,313,8,14,313,125,47,5065,301,37,264,87,209
"species",116,116,149,212,88,479,96,1,86,250,6,10,250,140,50,4869,308,30,278,88,208
"species",117,117,132,170,92,944,203,2,90,515,12,18,514,114,57,3066,239,41,198,97,165
"species",118,118,137,184,90,801,177,1,91,447,9,14,447,138,58,3704,269,33,236,90,180
"species",119,119,128,160,98,747,149,3,85,385,13,17,385,107,60,2444,221,44,177,98,155
"species",120,120,140,188,92,695,155,1,91,392,9,13,392,145,58,3791,278,32,246,92,183
"species",121,121,145,180,103,532,119,1,89,295,7,8,295,89,50,3043,236,58,178,103,175
"species",122,122,145,214,87,608,121,1,85,313,8,14,313,125,47,5065,301,37,264,87,209
"species",123,123,138,172,101,846,175,2,89,452,11,15,447,90,52,2827,225,55,170,105,167
"species",124,124,143,192,91,723,164,1,92,408,8,12,408,143,56,4009,283,32,251,91,189
"species",125,125,156,206,117,487,106,0,98,281,3,9,276,119,54,3547,273,56,217,118,198
"species",126,126,137,168,102,550,116,1,89,289,7,9,289,87,53,2591,220,58,162,102,163
"species",127,127,150,205,102,568,121,0,96,336,2,9,320,130,52,4067,283,37,246,106,200
"species",128,128,129,157,101,649,129,2,84,330,10,14,330,89,57,2219,209,55,154,101,151
"species",129,129,140,196,90,588,118,0,91,330,3,13,322,167,57,4199,303,12,291,96,193
"species",130,130,135,162,106,634,135,1,89,337,9,52,337,79,53,2209,211,63,148,111,155
"species",131,131,145,207,89,577,115,1,85,298,8,12,298,130,49,4670,295,34,261,89,203
"species",132,132,151,225,81,401,78,1,84,208,5,12,208,155,48,5691,335,16,319,81,223
"species",133,133,156,229,82,344,67,1,82,174,6,11,174,151,47,5811,339,22,317,96,228
"species",134,134,147,193,97,463,97,1,86,243,6,9,243,111,52,3789,257,44,213,97,189
"species",135,135,159,223,109,213,34,0,63,96,11,35,96,159,56,4456,309,30,279,109,189
"species",136,136,148,220,81,457,89,2,84,236,8,14,236,155,49,5512,330,16,314,81,219
"species",137,137,128,156,101,657,129,2,85,332,10,14,332,91,58,2172,209,53,156,101,151
"species",138,138,158,227,83,315,64,1,82,162,6,9,162,141,46,5685,328,25,303,83,226
"species",139,139,147,211,88,335,61,1,87,180,4,11,171,185,56,4876,331,5,326,97,209
"species",140,140,131,161,101,722,150,2,87,385,10,14,385,107,60,2370,222,46,176,101,156
"species",141,141,136,172,99,894,184,2,88,478,12,16,470,92,53,2893,225,52,173,103,167
"species",142,142,155,230,92,492,90,3,79,260,19,31,245,153,50,5458,328,23,305,98,226
"species",143,143,151,223,82,398,78,1,84,206,5,11,206,155,48,5593,333,16,317,82,222
"species",144,144,155,223,102,583,113,2,88,320,10,20,307,139,51,4788,308,36,272,105,216
"species",145,145,145,213,84,382,69,1,86,204,5,12,194,189,55,5146,340,1,339,92,212
"species",146,146,128,167,94,796,156,2,85,408,12,16,408,106,57,2915,226,43,183,94,162
"species",147,147,135,210,73,500,91,2,84,259,8,16,253,178,53,5492,334,-1,335,78,208
"species",148,148,147,226,80,491,87,3,76,252,25,40,237,155,48,5783,328,11,317,88,196
"species",149,149,146,194,94,565,121,1,87,302,7,10,302,115,52,3948,263,42,221,94,190
"species",150,150,141,184,97,543,111,2,86,285,8,12,285,110,54,3411,244,41,203,97,181
"species",151,151,117,196,53,715,132,4,78,377,37,54,346,139,47,5744,284,-7,291,57,166
"species",152,152,153,192,116,432,92,0,96,259,2,6,242,120,58,2982,254,49,205,120,186
"species",153,153,153,230,89,616,121,1,90,349,8,20,329,146,48,5538,321,20,301,95,224
"species",154,154,133,176,90,996,213,2,90,544,12,18,541,117,56,3369,245,39,206,95,171
"species",155,155,131,168,92,952,204,2,90,518,12,18,518,117,58,3034,240,39,201,96,164
"species",156,156,128,158,99,707,138,3,85,358,13,17,358,103,60,2320,217,46,171,99,152
"species",157,157,127,173,89,888,174,2,85,459,13,17,459,111,55,3403,239,38,201,89,168
"species",158,158,124,165,90,739,149,2,90,399,8,13,396,130,61,3026,239,28,211,91,159
"species",159,159,148,212,99,279,43,0,64,123,16,46,122,154,56,4467,297,23,274,100,147
"species",160,160,148,211,87,493,99,1,84,255,6,10,255,134,49,4843,301,32,269,87,206
"species",161,161,161,225,112,210,34,1,64,98,11,32,98,160,57,4402,310,32,278,112,191
"species",162,162,147,211,88,568,115,1,86,298,7,12,298,140,50,4830,306,29,277,88,207
"species",163,163,137,184,89,840,185,1,90,469,9,15,469,142,58,3781,272,30,242,89,180
"species",164,164,158,229,83,300,58,1,79,151,6,6,151,150,47,5806,339,23,316,98,229
"species",165,165,140,207,81,463,84,1,86,245,6,13,235,184,55,5044,332,1,331,87,205
"species",166,166,143,211,83,651,128,2,85,338,9,15,338,141,49,5110,310,25,285,83,208
"species",167,167,143,214,82,402,73,1,85,214,5,12,204,188,54,5273,342,0,342,89,212
"species",168,168,131,161,101,722,150,2,87,385,10,14,385,107,60,2370,222,46,176,101,156
"species",169,169,128,165,96,798,157,2,86,409,12,16,407,97,57,2753,219,49,170,101,159
"species",170,170,128,170,92,836,164,2,86,429,12,17,429,107,56,3085,231,42,189,92,164
"species",171,171,126,157,94,990,207,2,89,535,13,19,528,105,59,2493,221,44,177,98,151
"species",172,172,143,187,97,1026,225,1,93,574,10,14,570,104,52,3555,246,47,199,101,184
"species",173,173,128,159,98,712,138,3,84,358,13,17,358,102,59,2397,217,46,171,102,154
"species",174,174,132,209,70,516,99,1,88,283,6,15,272,120,43,5541,290,16,274,73,203
"species",175,175,125,162,93,718,148,2,90,391,8,13,386,123,62,2785,229,33,196,94,157
"species",176,176,146,198,101,470,91,0,89,264,2,11,249,151,57,3837,289,27,262,106,194
"species",177,177,130,156,103,641,130,2,86,330,10,56,329,82,55,2091,207,60,147,108,150
"species",178,178,151,223,82,412,81,1,85,214,5,11,214,154,48,5554,332,17,315,82,221
"species",179,179,152,221,83,391,78,1,84,202,6,10,202,144,48,5398,323,25,298,83,218
"species",180,180,137,183,90,825,182,1,91,462,9,14,462,140,58,3685,269,31,238,90,178
"species",181,181,150,224,82,476,93,1,84,244,7,12,244,145,47,5620,329,25,304,82,221
"species",182,182,133,176,93,781,159,2,87,412,10,15,412,118,57,3249,243,37,206,93,171
"species",183,183,147,191,109,469,95,0,92,272,2,9,251,129,58,3257,263,41,222,111,186
"species",184,184,156,237,85,412,81,1,88,230,7,14,217,141,45,6013,327,19,308,93,234
"species",185,185,147,218,91,662,127,3,87,361,12,24,346,139,50,5037,304,26,278,93,211
"species",186,186,145,194,96,568,120,1,89,306,5,10,306,126,54,3825,268,38,230,96,191
"species",187,187,149,208,91,559,116,1,89,299,5,11,299,144,52,4635,303,27,276,91,206
"species",188,188,135,203,78,502,92,1,86,266,6,14,256,181,55,4991,324,0,324,83,200
"species",189,189,150,220,84,484,96,1,84,249,7,11,249,137,47,5355,318,30,288,84,217
"species",190,190,138,172,108,597,122,1,91,332,5,13,329,129,65,2548,243,45,198,110,166
"species",191,191,135,162,106,617,129,1,88,323,9,52,323,80,54,2216,212,64,148,111,155
"species",192,192,137,164,106,651,136,1,88,343,9,54,342,80,53,2290,214,64,150,111,157
"species",193,193,144,209,94,322,52,0,66,149,17,56,142,151,55,4543,293,20,273,95,144
"species",194,194,163,225,115,214,37,0,73,107,8,26,107,160,57,4280,310,34,276,115,191
"species",195,195,120,191,66,654,125,1,91,359,6,17,359,119,46,5038,270,12,258,66,184
"species",196,196,172,240,113,385,72,2,81,206,13,22,194,148,51,4995,329,41,288,119,235
"species",197,197,128,161,97,754,149,3,85,386,13,17,386,108,60,2522,222,43,179,97,156
"species",198,198,129,181,87,894,176,2,86,468,13,17,468,119,54,3783,253,34,219,87,176
"species",199,199,153,219,83,367,76,1,84,192,6,9,192,140,47,5335,318,26,292,83,217
"species",200,200,133,160,105,399,94,1,92,228,6,8,228,103,60,2219,220,49,171,105,155
"species",201,201,123,157,93,771,162,2,90,423,8,13,414,117,62,2587,222,36,186,95,152
"species",202,202,165,221,120,511,108,0,96,294,5,13,284,125,52,3982,293,57,236,122,213
"species",203,203,120,204,51,1564,282,6,80,772,33,47,772,135,44,6169,298,-4,302,51,202
"species",204,204,164,210,125,337,66,1,87,189,7,12,179,114,55,3310,270,63,207,127,201
"species",205,205,131,195,81,403,73,1,71,200,17,74,200,145,54,4531,277,13,264,81,130
"species",206,206,113,149,82,1167,222,3,84,611,19,32,590,109,59,2669,212,30,182,86,145
"species",207,207,134,180,89,944,205,2,91,518,12,17,518,130,57,3614,260,33,227,89,176
"species",208,208,132,166,99,686,137,2,85,351,10,14,351,94,55,2661,220,52,168,104,161
"species",209,209,153,217,84,370,80,1,86,199,6,9,199,136,47,5231,312,27,285,84,215
"species",210,210,175,217,142,389,84,0,96,233,5,11,221,105,56,2960,272,87,185,143,209
"species",211,211,128,161,94,955,203,2,89,518,12,19,515,111,59,2674,230,42,188,98,156
"species",212,212,129,166,92,1012,213,2,89,549,13,19,543,110,57,2939,232,41,191,96,161
"species",213,213,166,249,94,353,61,2,70,176,19,39,163,167,49,6144,357,19,338,102,219
"species",214,214,157,220,108,240,43,1,70,121,11,30,121,158,57,4328,303,29,274,108,187
"species",215,215,135,182,92,755,152,2,87,395,10,14,395,119,55,3562,252,37,215,92,178
"species",216,216,146,197,104,548,113,0,95,320,2,10,300,127,54,3680,271,40,231,106,191
"species",217,217,129,170,93,916,193,2,89,497,11,16,497,119,59,3065,237,36,201,93,165
"species",218,218,139,214,74,458,84,2,83,238,7,16,232,176,52,5600,338,1,337,81,213
"species",219,219,143,213,80,385,70,1,83,204,5,13,196,190,55,5327,342,-2,344,88,212
"species",220,220,148,213,99,286,44,0,65,126,17,48,124,154,56,4477,297,23,274,100,148
"species",221,221,148,213,99,286,44,0,65,126,17,48,124,154,56,4477,297,23,274,100,148
"species",222,222,148,218,81,860,188,1,92,482,9,9,482,159,50,5473,331,17,314,81,218
"species",223,223,157,220,106,243,42,1,68,119,12,34,119,158,57,4443,304,27,277,106,187
"species",224,224,147,213,85,340,62,1,85,182,4,11,174,188,55,5092,338,2,336,94,212
"species",225,225,145,211,86,381,69,1,86,204,5,11,193,186,56,4947,334,4,330,94,209
"species",226,226,128,153,103,660,132,2,84,336,10,59,336,84,57,1992,204,58,146,108,146
"species",227,227,49,126,-14,792,139,11,71,377,39,49,377,132,45,5701,217,-73,290,-14,125
"species",228,228,136,210,76,636,119,2,83,321,9,16,321,139,48,5408,310,21,289,76,207
"species",229,229,149,203,93,336,70,1,86,182,5,8,182,149,54,4322,296,25,271,93,200
"species",230,230,119,163,84,793,158,2,89,425,8,14,420,129,60,3188,238,24,214,86,157
"species",231,231,141,191,90,751,167,1,91,420,9,13,420,146,57,3992,283,31,252,90,187
"species",232,232,141,184,98,678,141,1,87,357,8,13,357,104,53,3393,244,50,194,98,178
"species",233,233,139,167,106,676,143,1,89,360,9,12,360,82,52,2444,219,63,156,106,162
"species",234,234,148,197,94,482,106,1,87,262,6,9,262,116,51,4052,265,41,224,94,193
"species",235,235,151,214,87,377,76,1,84,197,6,9,197,147,50,5013,316,26,290,87,211
"species",236,236,128,208,62,627,113,3,76,327,32,49,302,148,48,5853,303,-3,306,67,178
"species",237,237,129,157,101,649,129,2,84,330,10,14,330,89,57,2219,209,55,154,101,151
"species",238,238,149,214,87,485,98,1,85,251,6,11,251,136,49,5007,308,31,277,87,210
"species",239,239,144,201,91,630,126,1,86,325,8,13,325,121,50,4342,279,40,239,91,196
"species",240,240,163,225,115,214,37,0,73,107,8,26,107,160,57,4280,310,34,276,115,191
"species",241,241,162,237,84,284,56,1,82,144,5,5,144,149,46,6024,345,27,318,84,237
"species",242,242,156,218,107,239,39,0,69,114,11,33,114,157,57,4327,303,29,274,107,184
"species",243,243,145,197,93,519,105,1,85,267,6,10,267,122,52,4091,273,39,234,93,193
"species",244,244,141,172,113,444,89,0,92,253,2,7,240,113,62,2367,230,49,181,114,165
"species",245,245,145,206,94,640,142,0,98,384,2,11,370,132,51,4438,288,30,258,97,200
"species",246,246,194,279,115,232,40,1,64,109,14,35,109,170,48,6515,388,36,352,126,253
"species",247,247,142,214,79,425,77,1,84,223,6,14,215,183,53,5394,340,1,339,86,212
"species",248,248,107,190,38,1379,244,7,79,673,34,47,673,135,44,6157,287,-18,305,38,188
"species",249,249,152,191,117,431,91,0,97,257,2,6,240,119,58,2899,251,49,202,120,184
"species",250,250,137,210,76,482,88,2,83,251,7,16,244,178,53,5390,334,0,334,81,208
"species",251,251,143,187,97,1026,225,1,93,574,10,14,570,104,52,3555,246,47,199,101,184
"species",252,252,153,236,81,414,81,1,88,231,8,15,218,136,44,6113,323,18,305,89,232
"species",253,253,145,211,86,381,69,1,86,204,5,11,193,186,56,4947,334,4,330,94,209
"species",254,254,147,198,94,471,96,2,87,250,7,11,250,147,55,4091,288,25,263,94,195
"species",255,255,108,172,59,572,117,1,82,311,15,104,311,132,51,4497,251,-3,254,59,106
"species",256,256,157,245,79,875,149,4,72,416,30,30,405,144,43,6675,350,18,332,83,245
"species",257,257,120,185,71,473,90,1,76,245,16,88,245,139,53,4517,265,7,258,71,119
"species",258,258,139,185,92,723,161,1,91,408,9,13,408,142,58,3694,273,32,241,92,180
"species",259,259,142,178,102,838,178,1,91,454,10,13,453,92,52,2974,232,56,176,107,174
"species",260,260,141,189,92,694,156,1,92,392,8,12,392,141,57,3867,278,33,245,92,186
"species",261,261,134,169,100,781,172,2,90,437,10,14,437,118,61,2767,234,41,193,100,166
"species",262,262,160,221,112,223,40,0,75,115,8,25,115,158,57,4252,305,32,273,112,188
"species",263,263,136,180,90,847,187,1,91,474,9,15,474,138,59,3592,264,31,233,90,176
"species",264,264,138,167,107,98,20,0,81,53,0,2,53,129,64,2392,240,40,200,107,162
"species",265,265,134,208,71,502,92,1,86,262,6,15,256,181,53,5530,335,-5,340,76,207
"species",266,266,138,171,102,498,104,2,89,269,7,10,269,120,60,2754,239,40,199,102,166
"species",267,267,142,215,78,405,74,1,85,214,5,13,206,186,54,5436,343,-1,344,86,213
"species",268,268,135,181,89,981,212,2,91,537,12,18,537,127,56,3669,259,35,224,89,177
"species",269,269,147,205,91,513,103,1,86,266,6,10,266,130,51,4469,289,35,254,91,200
"species",270,270,136,162,114,346,71,0,89,186,3,20,179,102,62,1890,218,55,163,115,152
"species",271,271,152,191,117,431,91,0,97,257,2,6,240,119,58,2899,251,49,202,120,184
"species",272,272,136,172,99,894,184,2,88,478,12,16,470,92,53,2893,225,52,173,103,167
"species",273,273,129,154,104,530,126,1,93,306,5,8,292,99,60,2067,212,49,163,104,149
"species",274,274,164,216,123,490,105,0,98,285,4,11,276,123,54,3681,284,60,224,125,209
"species",275,275,142,198,86,912,200,2,90,508,10,16,508,151,55,4474,299,25,274,86,197
"species",276,276,141,194,91,591,121,2,89,316,7,12,316,144,55,4070,283,24,259,91,190
"species",277,277,148,211,89,514,104,1,87,269,6,11,269,140,50,4798,306,30,276,89,208
"species",278,278,141,222,71,1185,234,3,82,610,20,29,610,142,45,6046,322,10,312,71,220
"species",279,279,108,172,59,572,117,1,82,311,15,104,311,132,51,4497,251,-3,254,59,106
"species",280,280,151,236,75,476,90,2,83,252,12,23,244,162,47,6401,343,1,342,84,234
"species",281,281,146,215,84,358,65,1,86,191,5,12,182,189,55,5244,342,1,341,92,214
"species",282,282,138,171,102,498,104,2,89,269,7,10,269,120,60,2754,239,40,199,102,166
"species",283,283,127,161,96,797,157,2,85,408,12,17,405,94,57,2585,215,51,164,102,155
"species",284,284,162,223,115,221,38,0,73,112,8,25,112,159,58,4211,307,34,273,115,189
"species",285,285,136,201,85,374,65,0,68,182,17,69,166,147,54,4601,284,15,269,86,136
"species",286,286,167,224,120,343,64,3,82,184,11,19,175,133,53,4092,300,53,247,123,217
"species",287,287,140,174,109,432,86,0,90,244,2,8,228,122,62,2599,239,45,194,111,168
"species",288,288,139,185,92,723,161,1,91,408,9,13,408,142,58,3694,273,32,241,92,180
"species",289,289,147,204,92,339,62,1,85,182,4,11,173,177,58,4424,314,11,303,100,202
"species",290,290,128,161,94,955,203,2,89,518,12,19,515,111,59,2674,230,42,188,98,156
"species",291,291,160,221,112,223,40,0,75,115,8,25,115,158,57,4252,305,32,273,112,188
"species",292,292,150,224,80,395,76,1,85,203,5,12,203,158,49,5677,335,14,321,80,222
"species",293,293,120,185,71,473,90,1,76,245,16,88,245,139,53,4517,265,7,258,71,119
"species",294,294,128,151,105,674,152,1,92,382,6,31,364,98,62,1890,209,51,158,106,145
"species",295,295,160,221,112,223,40,0,75,115,8,25,115,158,57,4252,305,32,273,112,188
"species",296,296,131,208,71,607,108,2,82,300,9,16,298,136,46,5612,308,18,290,73,206
"species",297,297,137,176,97,962,198,2,89,517,13,17,508,97,53,3121,231,49,182,102,172
"species",298,298,151,231,83,471,91,1,88,262,8,17,245,138,45,5872,319,18,301,89,226
"species",299,299,142,181,99,481,97,2,87,254,7,10,254,130,59,3221,253,35,218,99,177
"species",300,300,152,191,117,431,91,0,97,257,2,6,240,119,58,2899,251,49,202,120,184
"species",301,301,123,177,81,666,127,2,88,353,7,14,351,154,58,3913,273,11,262,81,173
"species",302,302,148,212,99,287,44,0,66,129,16,46,127,154,56,4450,296,23,273,100,179
"species",303,303,136,181,90,857,189,1,91,478,9,15,478,136,58,3636,265,32,233,90,177
"species",304,304,147,205,89,523,109,1,87,275,6,10,275,126,50,4537,287,36,251,89,201
"species",305,305,131,195,81,403,73,1,71,200,17,74,200,145,54,4531,277,13,264,81,130
"species",306,306,154,224,83,375,75,1,83,193,6,10,193,146,47,5582,330,24,306,83,222
"species",307,307,142,199,95,580,118,0,93,334,2,11,315,133,52,4154,281,30,251,97,194
"species",308,308,129,162,98,709,139,2,84,359,11,14,359,98,57,2532,217,48,169,102,157
"species",309,309,142,178,102,838,178,1,91,454,10,13,453,92,52,2974,232,56,176,107,174
"species",310,310,128,174,90,849,166,2,86,437,12,17,437,110,55,3370,239,40,199,90,169
"species",311,311,135,167,106,559,113,1,91,308,4,12,306,128,65,2460,238,43,195,107,161
"species",312,312,149,216,86,521,105,1,85,270,7,11,270,133,48,5131,309,33,276,86,212
"species",313,313,142,202,82,1073,233,2,91,596,11,20,596,156,53,4808,309,18,291,82,202
"species",314,314,91,196,-6,200,22,12,17,61,42,50,44,182,43,7886,321,-93,414,77,40
"species",315,315,128,162,97,722,141,3,84,366,13,17,366,107,59,2564,222,43,179,97,157
"species",316,316,156,218,107,252,46,0,73,128,10,30,128,157,57,4310,301,28,273,107,185
"species",317,317,138,169,104,476,102,1,90,261,6,9,261,115,60,2570,234,43,191,104,164
"species",318,318,146,198,92,700,160,1,92,396,8,11,396,144,55,4189,289,31,258,92,195
"species",319,319,145,213,84,382,69,1,86,204,5,12,194,189,55,5146,340,1,339,92,212
"species",320,320,144,183,101,904,198,1,92,502,9,13,502,96,51,3247,239,53,186,105,180
"species",321,321,137,165,106,603,126,1,88,316,7,10,316,80,52,2336,216,65,151,106,159
"species",322,322,144,204,90,587,117,1,86,303,8,12,303,128,50,4494,288,36,252,90,199
"species",323,323,137,169,103,697,156,2,91,394,8,12,394,117,61,2617,235,44,191,103,165
"species",324,324,134,216,63,487,80,2,67,233,32,59,226,162,49,6149,322,-8,330,69,189
"species",325,325,160,218,112,260,48,0,82,139,7,21,139,160,59,4058,300,30,270,112,187
"species",326,326,131,171,91,1010,214,2,89,550,13,18,545,111,56,3141,236,40,196,96,166
"species",327,327,135,192,82,1167,245,2,89,633,12,24,626,146,53,4401,293,21,272,86,191
"species",328,328,150,220,84,484,96,1,84,249,7,11,249,137,47,5355,318,30,288,84,217
"species",329,329,142,215,78,556,107,2,85,285,8,15,285,152,49,5501,324,15,309,84,213
"species",330,330,137,168,102,550,116,1,89,289,7,9,289,87,53,2591,220,58,162,102,163
"species",331,331,159,223,109,213,34,0,63,96,11,35,96,159,56,4456,309,30,279,109,189
"species",332,332,137,180,94,1019,213,2,90,553,13,18,544,103,53,3381,238,46,192,99,176
"species",333,333,139,172,103,786,165,1,89,421,9,13,420,89,53,2757,225,58,167,108,167
"species",334,334,158,224,104,468,89,3,84,254,11,20,242,137,50,4728,306,37,269,108,218
"species",335,335,139,167,106,676,143,1,89,360,9,12,360,82,52,2444,219,63,156,106,162
"species",336,336,143,214,82,402,73,1,85,214,5,12,204,188,54,5273,342,0,342,89,212
"species",337,337,124,203,59,654,122,3,78,347,32,48,316,144,48,5765,295,-5,300,64,173
"species",338,338,157,220,108,240,43,1,70,121,11,30,121,158,57,4328,303,29,274,108,187
"species",339,339,134,161,105,620,128,1,87,322,9,53,322,81,54,2243,212,63,149,110,154
"species",340,340,141,176,111,481,97,0,93,276,2,8,259,115,61,2622,236,49,187,112,169
"species",341,341,162,223,115,221,38,0,73,112,8,25,112,159,58,4211,307,34,273,115,189
"species",342,342,145,214,84,400,72,1,84,212,6,13,201,186,55,5187,340,3,337,91,212
"species",343,343,148,204,89,495,105,1,86,263,6,10,263,126,50,4518,286,35,251,89,201
"species",344,344,151,214,87,377,76,1,84,197,6,9,197,147,50,5013,316,26,290,87,211
"species",345,345,152,210,94,460,96,1,88,245,5,10,245,141,52,4546,302,32,270,94,207
"species",346,346,138,185,89,864,192,1,91,487,9,15,487,145,58,3862,275,28,247,89,182
"species",347,347,139,179,103,534,111,1,91,299,4,12,296,141,62,2977,260,34,226,107,174
"species",348,348,155,217,105,253,44,0,69,124,11,34,124,157,57,4377,302,27,275,105,185
"species",349,349,156,206,117,487,106,0,98,281,3,9,276,119,54,3547,273,56,217,118,198
"species",350,350,153,230,89,616,121,1,90,349,8,20,329,146,48,5538,321,20,301,95,224
"species",351,351,164,231,109,437,82,3,81,232,14,20,213,156,54,4815,328,40,288,113,225
"species",352,352,130,165,98,794,166,2,88,427,10,15,427,113,60,2660,227,41,186,98,161
"species",353,353,149,208,88,486,102,1,86,257,6,10,257,129,49,4724,294,33,261,88,205
"species",354,354,149,219,85,516,103,1,84,266,7,12,266,134,47,5285,314,32,282,85,215
"species",355,355,142,190,92,706,163,1,94,405,8,11,405,137,56,3898,275,34,241,92,187
"species",356,356,85,148,36,713,140,3,78,375,23,140,375,120,48,4443,222,-23,245,36,81
"species",357,357,129,181,87,894,176,2,86,468,13,17,468,119,54,3783,253,34,219,87,176
"species",358,358,126,170,84,1227,259,2,89,668,15,25,655,130,58,3404,250,28,222,88,166
"species",359,359,144,197,91,779,175,1,93,436,8,13,436,143,55,4195,289,31,258,91,194
"species",360,360,170,223,124,343,69,1,87,191,6,11,176,122,52,3827,290,58,232,128,215
"species",361,361,166,249,94,353,61,2,70,176,19,39,163,167,49,6144,357,19,338,102,219
"species",362,362,137,169,103,697,156,2,91,394,8,12,394,117,61,2617,235,44,191,103,165
"species",363,363,147,195,107,524,108,0,95,306,2,9,287,126,56,3509,267,42,225,109,189
"species",364,364,137,168,102,550,116,1,89,289,7,9,289,87,53,2591,220,58,162,102,163
"species",365,365,154,237,82,405,79,1,89,227,8,16,211,144,45,6098,329,14,315,90,233
"species",366,366,130,199,76,633,128,0,94,358,4,14,348,122,47,4922,277,19,258,77,192
"species",367,367,149,234,76,605,119,2,88,337,10,22,320,159,47,6232,337,3,334,84,231
"species",368,368,140,193,88,873,192,1,92,484,9,14,484,143,55,4180,286,30,256,88,190
"species",369,369,161,223,112,219,36,0,66,105,10,31,105,159,57,4346,308,32,276,112,189
"species",370,370,154,224,83,375,75,1,83,193,6,10,193,146,47,5582,330,24,306,83,222
"species",371,371,144,229,67,827,155,2,83,415,12,19,415,163,47,6461,346,1,345,67,228
"species",372,372,132,199,81,392,68,1,68,190,17,80,190,145,53,4719,282,12,270,81,133
"species",373,373,128,170,92,836,164,2,86,429,12,17,429,107,56,3085,231,42,189,92,164
"species",374,374,153,221,83,372,75,1,83,192,6,9,192,143,47,5431,323,25,298,83,219
"species",375,375,155,226,83,350,69,1,81,179,7,11,179,148,47,5642,333,23,310,83,225
"species",376,376,145,203,91,546,109,1,85,281,6,11,281,128,51,4405,285,36,249,91,198
"species",377,377,166,227,117,420,80,3,83,227,11,19,217,138,53,4335,308,49,259,120,219
"species",378,378,148,212,99,287,44,0,66,129,16,46,127,154,56,4450,296,23,273,100,179
"species",379,379,132,166,99,686,137,2,85,351,10,14,351,94,55,2661,220,52,168,104,161
"species",380,380,151,216,84,426,87,1,85,223,6,10,223,138,48,5199,313,28,285,84,213
"species",381,381,145,194,96,568,120,1,89,306,5,10,306,126,54,3825,268,38,230,96,191
"species",382,382,134,182,90,307,61,1,87,165,3,8,165,162,61,3649,277,13,264,90,178
"species",383,383,140,188,102,575,117,0,95,332,2,10,314,123,56,3443,259,40,219,103,181
"species",384,384,141,171,112,339,75,0,90,196,2,7,184,122,63,2343,234,42,192,115,165
"species",385,385,133,176,90,996,213,2,90,544,12,18,541,117,56,3369,245,39,206,95,171
"species",386,386,163,225,115,214,37,0,73,107,8,26,107,160,57,4280,310,34,276,115,191
"species",387,387,155,217,106,247,42,0,72,122,11,31,122,157,57,4321,301,28,273,106,184
"species",388,388,145,211,86,381,69,1,86,204,5,11,193,186,56,4947,334,4,330,94,209
"species",389,389,161,223,112,219,36,0,66,105,10,31,105,159,57,4346,308,32,276,112,189
"species",390,390,137,180,94,1019,213,2,90,553,13,18,544,103,53,3381,238,46,192,99,176
"species",391,391,144,209,87,623,123,2,86,323,9,14,323,135,49,4855,302,30,272,87,205
"species",392,392,140,213,76,421,77,1,83,222,5,14,214,187,54,5486,342,-3,345,83,212
"species",393,393,148,225,77,452,86,1,84,231,7,13,231,155,47,5857,338,14,324,77,223
"species",394,394,62,143,-5,793,139,9,72,379,37,45,379,139,45,5976,238,-66,304,-5,142
"species",395,395,147,205,89,523,109,1,87,275,6,10,275,126,50,4537,287,36,251,89,201
"species",396,396,138,166,113,374,77,0,90,209,2,20,198,109,63,2121,224,51,173,115,158
"species",397,397,134,180,88,1009,216,2,90,551,12,18,549,121,55,3609,253,36,217,93,176
"species",398,398,153,240,73,529,109,2,83,280,16,16,280,159,46,6627,350,5,345,73,240
"species",399,399,137,164,106,651,136,1,88,343,9,54,342,80,53,2290,214,64,150,111,157
"species",400,400,145,211,85,625,126,2,86,328,8,14,328,143,50,4972,309,25,284,85,208
"species",401,401,137,184,90,801,177,1,91,447,9,14,447,138,58,3704,269,33,236,90,180
"species",402,402,156,229,82,344,67,1,82,174,6,11,174,151,47,5811,339,22,317,96,228
"species",403,403,150,225,81,398,80,1,88,222,3,3,217,184,52,5722,350,-1,351,93,225
"species",404,404,148,212,99,279,43,0,64,123,16,46,122,154,56,4467,297,23,274,100,147
"species",405,405,134,187,89,927,194,2,89,501,10,16,501,130,55,3892,266,30,236,89,182
"species",406,406,142,215,78,405,74,1,85,214,5,13,206,186,54,5436,343,-1,344,86,213
"species",407,407,147,210,88,586,120,2,89,311,8,13,311,148,51,4827,310,24,286,88,208
"species",408,408,155,223,102,583,113,2,88,320,10,20,307,139,51,4788,308,36,272,105,216
"species",409,409,153,206,99,380,79,1,87,200,4,9,200,130,52,4236,288,41,247,99,204
"species",410,410,138,185,90,804,179,1,90,453,9,14,453,144,58,3809,274,29,245,90,182
"species",411,411,147,180,117,425,87,0,95,249,2,6,234,115,61,2483,238,50,188,120,173
"species",412,412,144,206,83,944,207,2,92,528,10,17,528,152,52,4917,312,22,290,83,206
"species",413,413,132,170,92,944,203,2,90,515,12,18,514,114,57,3066,239,41,198,97,165
"species",414,414,132,172,94,762,153,2,87,397,10,15,397,114,57,3086,237,39,198,94,168
"species",415,415,143,194,90,786,177,1,92,441,8,13,441,144,56,4120,287,31,256,90,192
"species",416,416,153,221,83,372,75,1,83,192,6,9,192,143,47,5431,323,25,298,83,219
"species",417,417,145,174,111,539,117,1,90,297,7,9,297,80,50,2491,226,69,157,111,168
"species",418,418,153,221,83,372,75,1,83,192,6,9,192,143,47,5431,323,25,298,83,219
"species",419,419,91,196,-6,200,22,12,17,61,42,50,44,182,43,7886,321,-93,414,77,40
"species",420,420,154,237,82,405,79,1,89,227,8,16,211,144,45,6098,329,14,315,90,233
"species",421,421,141,198,93,533,103,0,90,299,3,12,282,144,54,4176,287,24,263,97,194
"species",422,422,169,232,116,330,63,2,83,180,10,18,170,139,52,4551,311,44,267,121,226
"species",423,423,152,219,85,374,75,1,83,194,6,9,194,147,49,5253,322,25,297,85,216
"species",424,424,132,170,92,944,203,2,90,515,12,18,514,114,57,3066,239,41,198,97,165
"species",425,425,134,161,105,620,128,1,87,322,9,53,322,81,54,2243,212,63,149,110,154
"species",426,426,134,179,89,918,200,2,90,506,11,17,506,134,58,3562,261,32,229,89,175
"species",427,427,145,170,120,382,77,0,95,220,2,17,210,108,62,1990,227,55,172,123,163
"species",428,428,128,165,95,656,132,2,90,355,7,12,355,127,63,2812,234,33,201,96,160
"species",429,429,140,207,81,463,84,1,86,245,6,13,235,184,55,5044,332,1,331,87,205
"species",430,430,148,212,99,279,43,0,64,123,16,46,122,154,56,4467,297,23,274,100,147
"species",431,431,157,220,106,243,42,1,68,119,12,34,119,158,57,4443,304,27,277,106,187
"species",432,432,131,171,94,782,158,2,86,410,10,15,410,114,58,3054,235,39,196,94,167
"species",433,433,142,186,95,1051,228,1,93,588,10,14,581,105,51,3591,247,45,202,99,183
"species",434,434,144,214,83,400,72,1,84,211,6,13,202,184,54,5227,340,3,337,90,212
"species",435,435,150,212,98,569,127,0,98,344,2,10,333,142,52,4484,298,28,270,102,206
"species",436,436,166,246,98,461,92,2,85,251,11,20,242,163,49,5829,351,23,328,105,242
"species",437,437,131,171,91,1010,214,2,89,550,13,18,545,111,56,3141,236,40,196,96,166
"species",438,438,143,188,97,481,99,1,87,255,6,9,255,112,53,3584,249,39,210,97,186
"species",439,439,135,161,107,583,125,1,89,310,8,49,310,77,53,2113,209,65,144,107,153
"species",440,440,126,164,93,419,81,1,89,221,4,8,221,143,65,2842,243,23,220,93,159
"species",441,441,159,223,109,213,34,0,63,96,11,35,96,159,56,4456,309,30,279,109,189
"species",442,442,149,206,92,451,91,1,85,234,6,10,234,133,51,4480,293,34,259,92,202
"species",443,443,146,210,93,568,123,0,96,336,4,11,324,138,51,4648,296,26,270,96,205
"species",444,444,148,219,84,504,99,1,83,260,7,12,260,143,48,5339,321,26,295,84,216
"species",445,445,142,169,110,504,108,1,87,270,7,38,270,77,51,2339,219,70,149,110,162
"species",446,446,150,213,101,277,43,0,66,127,14,40,127,154,56,4397,297,25,272,103,180
"species",447,447,141,176,111,481,97,0,93,276,2,8,259,115,61,2622,236,49,187,112,169
"species",448,448,131,159,102,674,136,2,85,346,10,14,345,86,55,2298,211,57,154,107,154
"species",449,449,142,214,79,425,77,1,84,223,6,14,215,183,53,5394,340,1,339,86,212
"species",450,450,154,193,117,424,92,0,98,259,2,5,243,117,57,2969,252,50,202,121,187
"species",451,451,130,205,69,549,100,2,85,285,8,17,278,176,52,5503,329,-5,334,73,203
"species",452,452,140,207,81,463,84,1,86,245,6,13,235,184,55,5044,332,1,331,87,205
"species",453,453,135,182,87,937,205,2,90,518,12,18,518,141,58,3779,270,28,242,87,179
"species",454,454,146,230,69,815,153,2,82,408,12,19,408,161,46,6411,347,4,343,69,229
"species",455,455,150,224,89,395,74,1,78,209,17,33,189,175,54,5299,334,12,322,94,192
"species",456,456,143,227,69,1048,197,3,81,522,18,28,522,150,45,6329,334,6,328,69,226
"species",457,457,143,214,82,402,73,1,85,214,5,12,204,188,54,5273,342,0,342,89,212
"species",458,458,141,224,69,488,83,3,70,236,30,49,231,165,49,6202,333,-3,336,76,198
"species",459,459,127,156,99,710,140,3,84,362,13,17,362,103,60,2255,216,46,170,99,151
"species",460,460,149,221,81,415,80,1,85,214,5,12,214,157,49,5530,332,14,318,81,219
"species",461,461,144,183,101,904,198,1,92,502,9,13,502,96,51,3247,239,53,186,105,180
"species",462,462,147,211,88,335,61,1,87,180,4,11,171,185,56,4876,331,5,326,97,209
"species",463,463,158,230,96,444,90,0,90,253,5,12,239,144,49,5282,318,26,292,102,225
"species",464,464,130,170,95,760,150,2,85,389,12,16,389,103,56,2962,227,45,182,95,164
"species",465,465,139,167,106,676,143,1,89,360,9,12,360,82,52,2444,219,63,156,106,162
"species",466,466,155,217,106,247,42,0,72,122,11,31,122,157,57,4321,301,28,273,106,184
"species",467,467,171,229,124,312,59,2,81,165,7,11,152,147,55,4135,317,53,264,126,222
"species",468,468,138,169,103,450,96,1,89,246,6,9,246,116,60,2611,236,43,193,103,164
"species",469,469,149,214,87,485,98,1,85,251,6,11,251,136,49,5007,308,31,277,87,210
"species",470,470,153,219,83,367,76,1,84,192,6,9,192,140,47,5335,318,26,292,83,217
"species",471,471,152,221,83,391,78,1,84,202,6,10,202,144,48,5398,323,25,298,83,218
"species",472,472,138,172,101,846,175,2,89,452,11,15,447,90,52,2827,225,55,170,105,167
"species",473,473,134,208,71,502,92,1,86,262,6,15,256,181,53,5530,335,-5,340,76,207
"species",474,474,139,196,88,670,138,2,90,359,8,14,359,144,54,4277,287,23,264,88,192
"species",475,475,142,190,103,565,116,0,94,329,2,10,310,123,55,3501,262,39,223,104,184
"species",476,476,114,151,80,1949,330,9,74,956,66,81,884,98,56,2828,206,31,175,84,148
"species",477,477,128,156,101,691,137,2,85,352,11,14,351,88,57,2200,208,55,153,105,150
"species",478,478,92,198,-9,231,23,16,12,69,50,56,50,175,42,8057,317,-95,412,79,-9
"species",479,479,146,215,85,589,117,1,84,303,7,13,303,127,47,5183,305,35,270,85,211
"species",480,480,129,166,91,982,211,2,90,535,12,19,534,121,59,2978,240,37,203,95,162
"species",481,481,131,159,102,674,136,2,85,346,10,14,345,86,55,2298,211,57,154,107,154
"species",482,482,161,225,112,210,34,1,64,98,11,32,98,160,57,4402,310,32,278,112,191
"species",483,483,134,167,100,769,169,2,90,429,10,14,429,116,61,2656,231,42,189,100,163
"species",484,484,128,167,89,1056,227,2,89,577,12,20,574,127,60,3108,243,33,210,93,163
"species",485,485,137,164,106,651,136,1,88,343,9,54,342,80,53,2290,214,64,150,111,157
"species",486,486,139,175,100,586,122,2,90,316,7,11,316,124,59,2983,244,36,208,100,171
"species",487,487,139,167,106,676,143,1,89,360,9,12,360,82,52,2444,219,63,156,106,162
"species",488,488,138,173,100,881,185,1,90,479,10,14,473,92,52,2861,226,52,174,104,168
"species",489,489,134,161,105,620,128,1,87,322,9,53,322,81,54,2243,212,63,149,110,154
"species",490,490,143,214,82,402,73,1,85,214,5,12,204,188,54,5273,342,0,342,89,212
"species",491,491,146,225,81,398,75,1,75,212,19,40,186,168,51,5684,332,7,325,87,193
"species",492,492,139,178,99,654,141,2,91,361,7,12,361,126,60,3088,246,37,209,99,174
"species",493,493,142,207,92,321,54,0,68,151,14,58,142,150,55,4512,290,20,270,93,141
"species",494,494,134,178,89,897,197,2,91,499,11,16,499,136,59,3499,261,31,230,89,174
"species",495,495,142,210,83,434,79,1,84,230,6,13,220,184,55,5079,335,3,332,89,208
"species",496,496,142,174,113,558,117,1,92,314,4,12,312,126,65,2411,243,50,193,115,168
"species",497,497,144,209,94,322,52,0,66,149,17,56,142,151,55,4543,293,20,273,95,144
"species",498,498,151,220,84,421,84,1,83,219,6,10,219,147,49,5355,324,25,299,84,217
"species",499,499,151,224,82,446,88,1,83,229,7,12,229,146,47,5630,331,25,306,82,222
"species",500,500,138,168,104,752,158,1,89,402,10,13,400,84,52,2532,220,59,161,109,163
"species",501,501,138,172,101,549,115,2,90,297,7,11,297,120,60,2777,239,39,200,101,167
"species",502,502,159,231,83,271,52,1,80,135,6,6,134,151,47,5851,340,23,317,100,231
"species",503,503,142,181,99,481,97,2,87,254,7,10,254,130,59,3221,253,35,218,99,177
"species",504,504,136,172,99,894,184,2,88,478,12,16,470,92,53,2893,225,52,173,103,167
"species",505,505,116,161,81,834,165,2,88,444,10,16,439,129,60,3242,237,23,214,83,156
"species",506,506,141,190,94,692,141,1,87,360,8,13,360,112,52,3771,257,45,212,94,184
"species",507,507,153,221,83,372,75,1,83,192,6,9,192,143,47,5431,323,25,298,83,219
"species",508,508,85,148,35,709,139,3,77,371,23,141,371,121,49,4449,222,-24,246,35,82
"species",509,509,160,221,112,223,40,0,75,115,8,25,115,158,57,4252,305,32,273,112,188
"species",510,510,146,210,87,367,68,1,85,192,5,11,188,171,54,4865,324,12,312,95,208
"species",511,511,128,159,98,712,138,3,84,358,13,17,358,102,59,2397,217,46,171,102,154
"species",512,512,141,190,94,692,141,1,87,360,8,13,360,112,52,3771,257,45,212,94,184
"species",513,513,155,217,105,253,44,0,69,124,11,34,124,157,57,4377,302,27,275,105,185
"species",514,514,131,168,92,952,204,2,90,518,12,18,518,117,58,3034,240,39,201,96,164
"species",515,515,150,208,91,423,86,1,85,221,5,9,221,136,51,4583,298,33,265,91,204
"species",516,516,156,229,82,344,67,1,82,174,6,11,174,151,47,5811,339,22,317,96,228
"species",517,517,155,222,81,336,70,1,82,175,6,9,175,141,47,5573,323,23,300,81,222
"species",518,518,150,195,112,476,99,0,95,280,2,8,260,125,57,3274,264,45,219,114,189
"species",519,519,139,222,66,1191,220,4,80,591,23,35,591,142,44,6249,322,5,317,72,220
"species",520,520,122,198,59,1037,211,2,87,551,14,25,549,153,48,5638,310,-3,313,64,197
"species",521,521,153,239,77,364,72,1,87,204,7,14,193,135,43,6414,327,15,312,86,236
"species",522,522,129,167,96,837,173,2,88,446,11,15,446,115,60,2827,229,39,190,96,162
"species",523,523,125,201,65,614,112,2,84,316,8,18,310,170,51,5559,322,-6,328,68,199
"species",524,524,157,220,106,243,42,1,68,119,12,34,119,158,57,4443,304,27,277,106,187
"species",525,525,130,159,101,721,148,2,86,379,10,14,379,106,61,2305,219,46,173,101,155
"species",526,526,139,186,89,825,182,1,91,464,9,15,464,144,58,3874,276,29,247,89,183
"species",527,527,146,181,104,696,152,1,90,382,7,10,382,95,51,3063,239,56,183,104,177
"species",528,528,137,184,90,801,177,1,91,447,9,14,447,138,58,3704,269,33,236,90,180
"species",529,529,140,189,90,789,175,1,91,442,9,14,442,146,57,3955,281,29,252,90,185
"species",530,530,118,183,68,484,93,1,76,252,14,94,252,138,53,4541,263,5,258,68,116
"species",531,531,140,168,112,355,76,0,91,202,2,7,192,116,63,2209,229,46,183,115,161
"species",532,532,138,172,101,846,175,2,89,452,11,15,447,90,52,2827,225,55,170,105,167
"species",533,533,150,213,101,277,43,0,66,127,14,40,127,154,56,4397,297,25,272,103,180
"species",534,534,156,229,82,344,67,1,82,174,6,11,174,151,47,5811,339,22,317,96,228
"species",535,535,144,192,94,598,123,1,87,311,7,11,311,115,52,3857,261,43,218,94,187
"species",536,536,155,222,81,336,70,1,82,175,6,9,175,141,47,5573,323,23,300,81,222
"species",537,537,129,157,103,523,121,1,93,299,6,10,288,103,60,2208,216,47,169,103,152
"species",538,538,149,201,91,467,103,1,88,254,6,9,254,121,50,4343,276,38,238,91,198
"species",539,539,141,187,96,667,136,1,86,346,8,13,346,109,53,3591,251,47,204,96,182
"species",540,540,144,209,94,334,55,0,67,158,19,55,148,151,55,4543,292,20,272,95,144
"species",541,541,141,200,84,957,208,2,91,526,11,18,526,143,52,4635,299,28,271,84,198
"species",542,542,147,195,94,543,119,1,88,294,7,10,294,116,52,3980,264,42,222,94,191
"species",543,543,144,215,81,550,108,2,86,285,8,14,285,152,49,5334,322,17,305,81,212
"species",544,544,142,210,83,434,79,1,84,230,6,13,220,184,55,5079,335,3,332,89,208
"species",545,545,85,148,36,713,140,3,78,375,23,140,375,120,48,4443,222,-23,245,36,81
"species",546,546,145,216,82,382,69,1,85,202,5,12,193,187,54,5304,343,2,341,90,214
"species",547,547,135,162,106,617,129,1,88,323,9,52,323,80,54,2216,212,64,148,111,155
"species",548,548,152,224,83,410,81,1,83,211,7,11,211,147,48,5551,329,24,305,83,221
"species",549,549,142,207,92,338,56,0,66,159,19,56,150,151,55,4520,290,19,271,93,142
"species",550,550,139,185,92,723,161,1,91,408,9,13,408,142,58,3694,273,32,241,92,180
"species",551,551,171,231,124,210,38,0,79,111,5,18,111,161,59,4129,313,41,272,124,197
"species",552,552,146,193,94,677,154,1,92,384,7,10,384,128,55,3951,270,38,232,94,190
"species",553,553,127,156,99,710,140,3,84,362,13,17,362,103,60,2255,216,46,170,99,151
"species",554,554,130,205,69,549,100,2,85,285,8,17,278,176,52,5503,329,-5,334,73,203
"species",555,555,159,240,88,390,68,2,71,196,21,39,182,164,49,6012,347,15,332,97,211
"species",556,556,119,200,54,717,132,3,78,380,37,54,348,142,47,5841,289,-9,298,59,169
"species",557,557,145,213,84,382,69,1,86,204,5,12,194,189,55,5146,340,1,339,92,212
"species",558,558,130,167,92,949,205,2,89,518,12,18,518,119,58,2984,240,38,202,92,163
"species",559,559,133,176,93,781,159,2,87,412,10,15,412,118,57,3249,243,37,206,93,171
"species",560,560,142,170,115,475,99,1,91,267,3,10,263,119,65,2213,237,54,183,117,164
"species",561,561,151,199,109,519,112,0,97,312,2,7,297,123,54,3527,268,44,224,113,193
"species",562,562,143,186,98,474,96,2,88,251,7,10,251,135,58,3488,261,32,229,98,182
"species",563,563,167,219,123,220,45,0,87,120,4,11,120,157,60,3681,295,36,259,123,209
"species",564,564,149,214,86,480,98,1,84,250,6,11,250,135,48,5063,309,30,279,86,211
"species",565,565,139,172,103,786,165,1,89,421,9,13,420,89,53,2757,225,58,167,108,167
"species",566,566,128,160,98,711,139,2,84,360,12,16,360,100,58,2438,217,47,170,98,155
"species",567,567,154,222,81,441,88,1,84,229,7,11,229,149,49,5637,327,25,302,81,222
"species",568,568,135,210,73,500,91,2,84,259,8,16,253,178,53,5492,334,-1,335,78,208
"species",569,569,141,187,96,667,136,1,86,346,8,13,346,109,53,3591,251,47,204,96,182
"species",570,570,134,169,100,781,172,2,90,437,10,14,437,118,61,2767,234,41,193,100,166
"species",571,571,143,195,92,671,140,1,88,353,8,13,353,117,51,4069,268,42,226,92,191
"species",572,572,148,212,99,287,44,0,66,129,16,46,127,154,56,4450,296,23,273,100,179
"species",573,573,140,177,101,517,111,1,88,276,6,9,276,93,52,2977,229,53,176,101,173
"species",574,574,129,162,94,955,203,2,90,519,12,18,515,110,59,2689,229,43,186,98,157
"species",575,575,120,170,81,589,112,1,87,310,6,12,308,155,61,3613,264,10,254,82,166
"species",576,576,167,242,103,584,120,1,93,338,7,17,320,156,50,5434,339,29,310,110,236
"species",577,577,128,165,96,798,157,2,86,409,12,16,407,97,57,2753,219,49,170,101,159
"species",578,578,149,216,86,521,105,1,85,270,7,11,270,133,48,5131,309,33,276,86,212
"species",579,579,174,239,117,352,68,2,82,190,11,19,179,144,51,4769,323,45,278,123,234
"species",580,580,161,233,83,278,54,1,80,140,5,5,139,149,47,5918,340,25,315,100,233
"species",581,581,118,192,57,1106,222,2,86,585,15,27,580,147,48,5465,300,-1,301,63,191
"species",582,582,127,156,99,710,140,3,84,362,13,17,362,103,60,2255,216,46,170,99,151
"species",583,583,101,165,52,625,130,2,82,341,16,116,341,129,51,4509,243,-9,252,52,100
"species",584,584,141,198,88,623,128,2,90,333,7,13,333,146,54,4324,291,22,269,88,194
"species",585,585,134,161,105,620,128,1,87,322,9,53,322,81,54,2243,212,63,149,110,154
"species",586,586,134,179,90,1039,220,2,90,566,13,18,559,113,55,3483,245,40,205,95,175
"species",587,587,128,155,101,697,139,2,85,356,11,14,354,85,56,2156,207,57,150,106,149
"species",588,588,176,261,100,306,51,2,66,144,19,38,143,170,48,6421,374,25,349,109,235
"species",589,589,157,205,114,472,108,0,100,290,2,6,284,141,58,3537,284,42,242,118,199
"species",590,590,181,230,139,399,89,0,97,250,5,13,230,121,54,3577,298,75,223,142,223
"species",591,591,144,194,98,507,99,0,90,283,3,12,274,159,58,3797,292,22,270,104,191
"species",592,592,145,197,92,570,117,1,86,297,7,11,297,119,51,4092,269,40,229,92,192
"species",593,593,136,180,90,847,187,1,91,474,9,15,474,138,59,3592,264,31,233,90,176
"species",594,594,144,214,83,400,72,1,84,211,6,13,202,184,54,5227,340,3,337,90,212
"species",595,595,128,166,89,1072,229,2,89,585,13,22,580,126,60,3063,241,33,208,93,162
"species",596,596,150,212,86,464,99,1,87,248,6,10,248,132,48,4967,302,31,271,86,209
"species",597,597,136,180,90,847,187,1,91,474,9,15,474,138,59,3592,264,31,233,90,176
"species",598,598,140,168,112,355,76,0,91,202,2,7,192,116,63,2209,229,46,183,115,161
"species",599,599,150,212,88,400,80,1,84,208,6,9,208,143,50,4847,309,28,281,88,208
"species",600,600,147,211,88,335,61,1,87,180,4,11,171,185,56,4876,331,5,326,97,209
"species",601,601,151,224,82,446,88,1,83,229,7,12,229,146,47,5630,331,25,306,82,222
"species",602,602,145,216,81,388,71,1,83,203,6,13,196,178,53,5346,339,5,334,89,214
"species",603,603,133,176,93,781,159,2,87,412,10,15,412,118,57,3249,243,37,206,93,171
"species",604,604,123,177,81,666,127,2,88,353,7,14,351,154,58,3913,273,11,262,81,173
"species",605,605,133,201,76,610,116,0,91,338,4,15,322,142,50,4990,295,12,283,80,197
"species",606,606,148,201,93,342,70,1,86,184,5,9,184,151,55,4247,294,24,270,93,198
"species",607,607,128,153,103,660,132,2,84,336,10,59,336,84,57,1992,204,58,146,108,146
"species",608,608,135,183,94,643,130,1,91,356,5,13,352,152,59,3530,277,23,254,98,179
"species",609,609,140,193,88,873,192,1,92,484,9,14,484,143,55,4180,286,30,256,88,190
"species",610,610,132,161,102,676,137,2,86,349,10,13,348,85,55,2358,213,59,154,107,155
"species",611,611,146,213,86,385,69,1,84,205,5,12,194,187,55,5068,339,4,335,93,211
"species",612,612,146,202,90,777,173,1,92,431,8,13,431,156,55,4443,305,26,279,90,200
"species",613,613,144,209,94,334,55,0,67,158,19,55,148,151,55,4543,292,20,272,95,144
"species",614,614,152,221,83,391,78,1,84,202,6,10,202,144,48,5398,323,25,298,83,218
"species",615,615,144,186,98,961,212,1,92,537,9,13,537,103,52,3482,246,49,197,102,183
"species",616,616,135,210,75,619,114,2,83,310,9,16,309,136,47,5511,310,21,289,77,207
"species",617,617,149,210,87,509,108,1,87,271,6,10,271,130,49,4824,298,33,265,87,206
"species",618,618,142,214,79,405,74,1,85,214,5,13,206,188,54,5389,343,-1,344,86,212
"species",619,619,146,215,85,589,117,1,84,303,7,13,303,127,47,5183,305,35,270,85,211
"species",620,620,147,200,92,718,162,1,93,401,8,12,401,153,56,4298,300,29,271,92,198
"species",621,621,143,189,95,668,141,1,88,354,7,12,354,111,52,3720,255,45,210,95,185
"species",622,622,148,215,88,556,111,1,85,287,7,12,287,129,47,5068,305,36,269,88,211
"species",623,623,124,174,82,476,92,1,88,252,5,11,252,160,60,3693,271,8,263,84,170
"species",624,624,143,188,97,481,99,1,87,255,6,9,255,112,53,3584,249,39,210,97,186
"species",625,625,144,229,70,622,120,2,87,342,12,25,327,158,47,6272,332,-2,334,78,226
"species",626,626,127,159,93,982,207,2,89,532,13,19,526,108,59,2601,225,43,182,98,154
"species",627,627,152,220,84,391,78,1,84,203,6,10,203,148,49,5348,325,24,301,84,218
"species",628,628,137,184,90,801,177,1,91,447,9,14,447,138,58,3704,269,33,236,90,180
"species",629,629,102,166,53,607,124,2,81,327,16,116,327,130,51,4496,244,-8,252,53,101
"species",630,630,140,165,116,369,73,0,90,204,2,24,200,112,65,1938,224,52,172,118,157
"species",631,631,132,179,91,852,173,2,87,451,11,15,451,120,55,3532,250,35,215,91,175
"species",632,632,149,214,87,485,98,1,85,251,6,11,251,136,49,5007,308,31,277,87,210
"species",633,633,155,217,105,253,44,0,69,124,11,34,124,157,57,4377,302,27,275,105,185
"species",634,634,150,208,91,400,81,1,85,209,5,9,209,137,51,4606,299,32,267,91,204
"species",635,635,143,176,104,763,163,1,90,413,9,12,413,89,52,2844,230,59,171,104,172
"species",636,636,127,183,81,607,114,2,88,322,7,14,316,159,58,4096,283,10,273,83,179
"species",637,637,145,211,86,381,69,1,86,204,5,11,193,186,56,4947,334,4,330,94,209
"species",638,638,160,218,112,260,48,0,82,139,7,21,139,160,59,4058,300,30,270,112,187
"species",639,639,150,213,101,277,43,0,66,127,14,40,127,154,56,4397,297,25,272,103,180
"species",640,640,158,229,83,300,58,1,79,151,6,6,151,150,47,5806,339,23,316,98,229
"species",641,641,149,216,86,521,105,1,85,270,7,11,270,133,48,5131,309,33,276,86,212
"species",642,642,147,193,97,463,97,1,86,243,6,9,243,111,52,3789,257,44,213,97,189
"species",643,643,135,161,107,583,125,1,89,310,8,49,310,77,53,2113,209,65,144,107,153
"species",644,644,142,180,100,520,104,2,88,273,7,11,273,128,58,3162,251,34,217,100,176
"species",645,645,145,184,111,492,101,0,94,287,2,8,269,118,59,2919,247,47,200,112,178
"species",646,646,157,230,82,312,60,1,79,156,6,6,156,151,47,5844,340,22,318,97,230
"species",647,647,128,168,90,1060,222,2,89,575,13,19,566,111,57,3081,232,40,192,94,163
"species",648,648,139,191,87,886,194,1,91,493,9,15,493,146,57,4118,284,28,256,87,188
"species",649,649,149,216,86,521,105,1,85,270,7,11,270,133,48,5131,309,33,276,86,212
"species",650,650,142,214,79,425,77,1,84,223,6,14,215,183,53,5394,340,1,339,86,212
"species",651,651,142,193,88,959,211,2,91,538,12,18,538,150,56,4216,289,25,264,88,191
"species",652,652,101,165,52,624,129,2,82,342,17,113,342,129,51,4493,243,-8,251,52,99
"species",653,653,118,183,68,484,93,1,76,252,14,94,252,138,53,4541,263,5,258,68,116
"species",654,654,151,215,85,421,90,1,85,225,6,10,225,134,48,5103,308,29,279,85,212
"species",655,655,148,206,89,486,99,1,85,252,6,10,252,131,50,4583,292,33,259,89,202
"species",656,656,152,222,83,415,82,1,84,214,6,10,214,145,48,5486,326,25,301,83,219
"species",657,657,128,161,94,955,203,2,89,518,12,19,515,111,59,2674,230,42,188,98,156
"species",658,658,166,227,117,420,80,3,83,227,11,19,217,138,53,4335,308,49,259,120,219
"species",659,659,148,207,91,329,60,1,86,177,4,11,169,179,57,4628,321,10,311,99,206
"species",660,660,138,185,90,804,179,1,90,453,9,14,453,144,58,3809,274,29,245,90,182
"species",661,661,135,165,103,656,134,1,87,340,9,12,340,86,54,2480,217,60,157,108,159
"species",662,662,151,215,85,421,90,1,85,225,6,10,225,134,48,5103,308,29,279,85,212
"species",663,663,139,186,91,772,171,1,90,434,9,14,434,144,58,3806,276,30,246,91,182
"species",664,664,135,203,78,502,92,1,86,266,6,14,256,181,55,4991,324,0,324,83,200
"species",665,665,155,222,81,336,70,1,82,175,6,9,175,141,47,5573,323,23,300,81,222
"species",666,666,130,176,91,818,161,2,85,423,12,16,423,113,55,3410,243,39,204,91,171
"species",667,667,155,217,106,247,42,0,72,122,11,31,122,157,57,4321,301,28,273,106,184
"species",668,668,143,219,78,570,109,2,84,291,8,15,291,146,47,5640,325,19,306,78,216
"species",669,669,142,207,92,321,54,0,68,151,14,58,142,150,55,4512,290,20,270,93,141
"species",670,670,134,183,91,622,126,1,92,344,4,13,340,155,59,3647,279,18,261,95,179
"species",671,671,142,170,115,475,99,1,91,267,3,10,263,119,65,2213,237,54,183,117,164
"species",672,672,135,210,75,619,114,2,83,310,9,16,309,136,47,5511,310,21,289,77,207
"species",673,673,138,196,83,1032,223,2,90,567,12,19,567,145,53,4485,294,25,269,83,193
"species",674,674,140,207,81,463,84,1,86,245,6,13,235,184,55,5044,332,1,331,87,205
"species",675,675,152,198,103,364,76,1,86,191,5,8,190,115,53,3723,262,49,213,112,195
"species",676,676,147,195,94,543,119,1,88,294,7,10,294,116,52,3980,264,42,222,94,191
"species",677,677,157,226,81,327,67,1,83,169,6,6,169,142,46,5712,328,23,305,81,226
"species",678,678,145,185,110,437,87,0,92,251,2,8,232,127,60,2951,253,43,210,113,179
"species",679,679,161,230,104,438,84,3,84,239,12,21,226,143,50,4940,316,35,281,109,224
"species",680,680,148,212,99,279,43,0,64,123,16,46,122,154,56,4467,297,23,274,100,147
"species",681,681,134,161,105,620,128,1,87,322,9,53,322,81,54,2243,212,63,149,110,154
"species",682,682,135,162,106,617,129,1,88,323,9,52,323,80,54,2216,212,64,148,111,155
"species",683,683,166,249,94,353,61,2,70,176,19,39,163,167,49,6144,357,19,338,102,219
"species",684,684,146,215,84,358,65,1,86,191,5,12,182,189,55,5244,342,1,341,92,214
"species",685,685,132,161,102,676,137,2,86,349,10,13,348,85,55,2358,213,59,154,107,155
"species",686,686,132,159,104,438,102,1,92,250,6,9,250,104,60,2244,219,48,171,104,154
"species",687,687,145,213,84,382,69,1,86,204,5,12,194,189,55,5146,340,1,339,92,212
"species",688,688,143,195,92,671,140,1,88,353,8,13,353,117,51,4069,268,42,226,92,191
"species",689,689,132,166,99,686,137,2,85,351,10,14,351,94,55,2661,220,52,168,104,161
"species",690,690,125,201,65,614,112,2,84,316,8,18,310,170,51,5559,322,-6,328,68,199
"species",691,691,132,161,102,676,137,2,86,349,10,13,348,85,55,2358,213,59,154,107,155
"species",692,692,96,160,47,644,129,2,80,342,18,128,342,126,50,4504,237,-14,251,47,94
"species",693,693,128,174,90,849,166,2,86,437,12,17,437,110,55,3370,239,40,199,90,169
"species",694,694,120,171,79,544,104,1,88,288,5,12,287,157,60,3705,267,7,260,80,166
"species",695,695,130,165,98,794,166,2,88,427,10,15,427,113,60,2660,227,41,186,98,161
"species",696,696,144,200,89,835,185,1,91,465,9,14,465,154,55,4431,302,26,276,89,198
"species",697,697,141,198,88,623,128,2,90,333,7,13,333,146,54,4324,291,22,269,88,194
"species",698,698,154,220,82,355,75,1,84,188,6,9,188,139,47,5426,318,25,293,82,219
"species",699,699,147,182,115,445,91,0,94,261,2,7,244,117,60,2658,241,49,192,118,176
"species",700,700,135,203,78,502,92,1,86,266,6,14,256,181,55,4991,324,0,324,83,200
"species",701,701,147,198,94,471,96,2,87,250,7,11,250,147,55,4091,288,25,263,94,195
"species",702,702,159,240,88,390,68,2,71,196,21,39,182,164,49,6012,347,15,332,97,211
"species",703,703,130,165,98,794,166,2,88,427,10,15,427,113,60,2660,227,41,186,98,161
"species",704,704,137,168,102,550,116,1,89,289,7,9,289,87,53,2591,220,58,162,102,163
"species",705,705,147,226,78,471,83,2,74,239,24,42,225,156,48,5857,329,8,321,86,196
"species",706,706,148,211,87,493,99,1,84,255,6,10,255,134,49,4843,301,32,269,87,206
"species",707,707,135,161,107,583,125,1,89,310,8,49,310,77,53,2113,209,65,144,107,153
"species",708,708,147,182,115,445,91,0,94,261,2,7,244,117,60,2658,241,49,192,118,176
"species",709,709,136,195,82,1042,223,2,90,567,12,20,567,139,52,4530,291,27,264,82,192
"species",710,710,144,176,113,542,115,1,92,308,3,11,305,128,64,2506,247,50,197,115,171
"species",711,711,135,162,106,617,129,1,88,323,9,52,323,80,54,2216,212,64,148,111,155
"species",712,712,140,172,106,343,65,1,86,179,5,9,176,122,61,2620,243,46,197,110,167
"species",713,713,147,204,92,339,62,1,85,182,4,11,173,177,58,4424,314,11,303,100,202
"species",714,714,134,173,97,661,132,2,85,339,10,14,339,104,56,3013,230,45,185,97,169
"species",715,715,138,190,87,920,201,1,91,511,9,16,511,144,56,4103,281,27,254,87,187
"species",716,716,129,174,88,1056,215,2,87,562,13,20,553,107,54,3441,239,41,198,93,169
"species",717,717,135,182,87,937,205,2,90,518,12,18,518,141,58,3779,270,28,242,87,179
"species",718,718,146,213,86,385,69,1,84,205,5,12,194,187,55,5068,339,4,335,93,211
"species",719,719,147,206,90,298,57,1,87,162,4,10,156,181,58,4593,317,8,309,100,204
"species",720,720,137,164,106,651,136,1,88,343,9,54,342,80,53,2290,214,64,150,111,157
"species",721,721,136,197,88,661,140,0,96,386,3,12,374,125,50,4371,276,27,249,89,191
"species",722,722,159,217,111,255,47,0,79,135,8,23,135,158,58,4102,300,29,271,111,186
"species",723,723,146,183,103,703,155,1,92,389,7,10,389,99,52,3164,243,54,189,103,179
"species",724,724,152,221,84,407,81,1,85,210,6,10,210,146,48,5403,326,25,301,84,218
"species",725,725,127,207,61,647,118,3,78,340,33,48,312,147,48,5831,301,-4,305,67,177
"species",726,726,138,185,94,794,173,2,91,440,8,13,440,132,57,3587,261,32,229,94,182
"species",727,727,142,194,95,631,131,1,93,354,4,13,351,164,58,3926,298,18,280,101,191
"species",728,728,148,210,88,481,97,2,86,253,7,12,253,153,52,4827,312,20,292,88,208
"species",729,729,144,186,106,621,132,1,93,353,4,13,350,145,61,3136,272,38,234,110,181
"species",730,730,136,201,85,374,65,0,68,182,17,69,166,147,54,4601,284,15,269,86,136
"species",731,731,148,204,89,495,105,1,86,263,6,10,263,126,50,4518,286,35,251,89,201
"species",732,732,138,185,89,864,192,1,91,487,9,15,487,145,58,3862,275,28,247,89,182
"species",733,733,148,229,75,419,82,1,88,230,4,4,223,181,50,6148,356,-3,359,86,229
"species",734,734,167,223,121,469,99,0,95,273,5,12,261,132,53,4015,297,52,245,125,217
"species",735,735,162,223,115,221,38,0,73,112,8,25,112,159,58,4211,307,34,273,115,189
"species",736,736,149,206,91,423,85,1,84,219,6,9,219,133,51,4507,293,33,260,91,202
"species",737,737,142,186,95,1051,228,1,93,588,10,14,581,105,51,3591,247,45,202,99,183
"species",738,738,149,206,92,451,91,1,85,234,6,10,234,133,51,4480,293,34,259,92,202
"species",739,739,155,217,105,253,44,0,69,124,11,34,124,157,57,4377,302,27,275,105,185
"species",740,740,123,156,95,772,162,2,90,424,8,13,414,114,62,2473,219,37,182,96,150
"species",741,741,170,237,114,421,77,3,81,224,14,21,209,150,52,4862,329,43,286,119,232
"species",742,742,134,173,97,661,132,2,85,339,10,14,339,104,56,3013,230,45,185,97,169
"species",743,743,157,228,83,321,64,1,83,164,7,10,164,145,46,5717,333,24,309,83,227
"species",744,744,128,161,97,754,149,3,85,386,13,17,386,108,60,2522,222,43,179,97,156
"species",745,745,128,205,66,576,105,2,83,297,8,18,291,173,51,5646,328,-5,333,70,203
"species",746,746,141,176,111,481,97,0,93,276,2,8,259,115,61,2622,236,49,187,112,169
"species",747,747,162,252,79,183,31,1,66,88,11,11,85,168,46,6868,362,0,362,91,226
"species",748,748,149,191,113,464,96,0,95,273,2,8,252,124,58,3101,258,46,212,115,185
"species",749,749,143,188,97,482,99,1,87,256,6,9,256,115,54,3590,251,40,211,97,185
"species",750,750,148,215,88,556,111,1,85,287,7,12,287,129,47,5068,305,36,269,88,211
"species",751,751,130,205,69,549,100,2,85,285,8,17,278,176,52,5503,329,-5,334,73,203
"species",752,752,167,228,117,351,67,2,82,188,9,14,172,151,55,4369,320,47,273,120,222
"species",753,753,146,213,86,385,69,1,84,205,5,12,194,187,55,5068,339,4,335,93,211
"species",754,754,159,231,83,299,59,1,83,151,7,7,151,143,46,5818,334,25,309,100,231
